1.00000	1189.2968044784
1.00683	1167.412838039
1.0137	1145.930856824
1.02062	1125.2517750847
1.02758	1105.1286811836
1.0346	1085.2425462829
1.04166	1065.4665251727
1.04877	1046.0524595309
1.05593	1026.6076161966
1.06313	1007.5120095432
1.07039	988.7676000633
1.0777	970.3650513323
1.08505	952.3083955508
1.09246	934.5881737213
1.09992	917.1955827861
1.10742	900.1224166487
1.11498	883.3688153141
1.12259	866.934260375
1.13025	850.8031581813
1.13797	834.9684799399
1.14574	819.4370467489
1.15356	804.194679448
1.16143	789.2286079586
1.16936	774.5393427259
1.17734	760.121011265
1.18538	745.9791722615
1.19347	732.0965781806
1.20161	718.4733877457
1.20981	705.1042496633
1.21807	691.9792683011
1.22639	679.1033119869
1.23476	666.4978205521
1.24319	654.1762612518
1.25167	642.0834323212
1.26021	630.2984463143
1.26882	618.7314767264
1.27748	607.4411541382
1.2862	596.388272621
1.29497	585.5349447255
1.30381	574.8811433236
1.31271	564.4169008997
1.32167	554.1455629565
1.33069	544.0607607058
1.33978	534.1595000267
1.34892	524.4361000834
1.35813	514.8906372287
1.3674	505.5228369942
1.37673	496.3222521119
1.38613	487.291439264
1.39559	478.4254063028
1.40512	469.7195304684
1.41471	461.175906326
1.42436	452.7857644156
1.43408	444.5452080249
1.44387	436.4544188828
1.45373	428.4581931918
1.46365	420.5957317945
1.47364	412.8324849626
1.4837	405.1551946973
1.49383	397.5906009582
1.50402	389.7966820506
1.51429	382.1563554513
1.52462	374.6272458903
1.53503	367.2325720602
1.54551	359.9828648156
1.55606	352.8755831269
1.56668	4122.2834152294
1.57737	4056.5482830659
1.58814	3991.8406776549
1.59898	3928.192638567
1.60989	3865.5410211213
1.62088	3803.915750874
1.63194	3743.2714695335
1.64308	3683.5940090027
1.6543	3624.8563650665
1.66559	3567.0589242464
1.67696	3510.1760002247
1.68841	3454.2075702413
1.69993	3399.1406972317
1.71153	3344.9290875034
1.72321	3291.5958973549
1.73498	3237.7023968711
1.74682	3184.4395545606
1.75874	3131.7822659697
1.77075	3079.7090290909
1.78283	3028.4492522759
1.795	2977.7059158084
1.80725	2927.8032984632
1.81959	2878.7333573228
1.83201	2830.487749649
1.84451	2783.0501116003
1.8571	2736.4048565713
1.86978	2690.5515899815
1.88254	2645.4536556201
1.89539	2601.1049493825
1.90833	2557.5185931602
1.92135	2514.6604705433
1.93447	2472.5240762032
1.94767	2431.0966433849
1.96097	2390.3601555646
1.97435	2350.3033066417
1.98783	2310.9151455068
2.00139	2272.5774892109
2.01506	2235.1113644237
2.02881	2197.8843165569
2.04266	2160.2331323597
2.0566	2123.2233928261
2.07064	2086.6545918921
2.08477	2050.6931342794
2.099	2015.2757904919
2.11333	1980.4019423782
2.12775	1946.119729178
2.14227	1912.3566927703
2.1569	1879.1764697039
2.17162	1846.4220034417
2.18644	1814.2103468045
2.20137	1782.5248394836
2.21639	1751.3564255516
2.23152	1720.7172637842
2.24675	1690.508471138
2.26209	1660.8288532475
2.27753	1631.6035072949
2.29307	1602.8697780506
2.30872	1574.6097329777
2.32448	1546.7975876145
2.34035	1519.4704949219
2.35632	1492.5239475467
2.3724	1466.0542469393
2.3886	1440.0112896885
2.4049	1414.4131529108
2.42132	1389.2497079103
2.43784	1364.485445716
2.45448	1340.1645990161
2.47124	1316.1791319799
2.4881	1292.6176023495
2.50509	1269.4511654831
2.52219	1246.6807126027
2.5394	1224.3049008925
2.55673	1202.2843402465
2.57418	1180.6584532194
2.59176	1159.3786194351
2.60945	1138.4788783706
2.62726	1117.9204890231
2.64519	1097.7032754368
2.66324	1077.8463767116
2.68142	1058.3220092878
2.69972	1039.151055154
2.71815	1020.2717799968
2.7367	1001.7219600493
2.75538	983.4969216546
2.77419	965.5771737556
2.79313	947.9930986102
2.81219	930.6827488646
2.83139	913.7009456805
2.85071	896.9897025582
2.87017	880.5762490974
2.88976	864.4536652835
2.90948	848.6010811178
2.92934	833.0348291862
2.94934	817.7216639
2.96947	802.6970621288
2.98974	787.9289288106
3.01014	773.4191312956
3.03069	759.1746253473
3.05138	745.1620354846
3.0722	731.4111847398
3.09317	717.8905504067
3.11429	704.617357544
3.13554	691.5772803032
3.15694	678.7668164479
3.17849	666.1914500989
3.20019	653.8255331947
3.22203	641.6920135012
3.24402	629.7665455416
3.26617	618.0584312441
3.28846	606.5568798714
3.3109	595.2558111849
3.3335	584.1633320676
3.35626	573.2630130704
3.37917	562.5689146921
3.40223	552.0622284544
3.42545	541.7440909263
3.44883	531.6151531583
3.47237	521.6620151804
3.49607	511.8964740571
3.51994	502.2954903911
3.54396	492.8754848663
3.56815	483.6221363524
3.59251	474.540881697
3.61703	465.6230502035
3.64172	456.8650831723
3.66657	448.271688505
3.6916	439.8272358618
3.7168	431.5404267072
3.74217	423.4022914532
3.76771	415.4152282914
3.79343	407.5743619423
3.81932	399.8752389255
3.84539	392.3214839168
3.87163	384.8996181796
3.89806	377.6178356456
3.92467	370.4691621469
3.95145	363.4513338664
3.97843	356.5647129298
4.00558	349.7995648493
4.03292	343.1614780651
4.06045	336.6436626831
4.08816	330.248809453
4.11607	323.970583471
4.14416	317.8083933197
4.17245	311.7615149116
4.20093	305.823490914
4.2296	299.9994000012
4.25847	294.2812328029
4.28754	288.6711025793
4.3168	283.1641899239
4.34627	277.7577174982
4.37593	272.4543230327
4.4058	267.2460561163
4.43587	262.1383146603
4.46615	257.1242707313
4.49663	252.2042652785
4.52733	247.3753475624
4.55823	242.6336426104
4.58934	237.9830460878
4.62067	233.4196207865
4.65221	228.9434944561
4.68396	224.5500578216
4.71593	220.2386065063
4.74812	216.0083811252
4.78053	211.8549810284
4.81316	207.7814139525
4.84601	203.7851045316
4.87909	199.8656902561
4.91239	196.0177043191
4.94592	192.2411472952
4.97968	188.5365977817
5.01367	184.9013274066
5.04789	181.3368150002
5.08234	177.8381637143
5.11703	174.4065381523
5.15196	171.038408385
5.18712	167.7320447039
5.22253	164.4896461992
5.25818	161.3093154517
5.29407	158.1900526931
5.3302	155.1291915908
5.36658	152.1268859931
5.40321	149.1815897984
5.44009	146.2920809171
5.47723	143.4586444593
5.51461	140.6746757449
5.55225	137.9447338218
5.59015	135.2682098064
5.62831	132.643762626
5.66672	130.0694570901
5.7054	127.5438623343
5.74434	125.0670672148
5.78355	122.6361874862
5.82303	120.2525785159
5.86277	117.9139605413
5.90279	115.6200355647
5.94308	113.3700727949
5.98365	111.1600215206
6.02449	108.9932511379
6.06561	106.8706042785
6.10701	104.7895093126
6.14869	102.7467282873
6.19066	100.7416601017
6.23292	98.7751876729
6.27546	96.8466723483
6.31829	94.9559404436
6.36142	93.1012010055
6.40484	91.2816861553
6.44856	89.4982726833
6.49257	87.7477777875
6.53689	86.0326063578
6.5815	84.3483248423
6.62643	82.6979375134
6.67166	81.0793280145
6.71719	79.4918878528
6.76304	77.9350333562
6.80921	76.4076193678
6.85568	74.9102949218
6.90248	73.4413900986
6.94959	72.0014976312
6.99702	70.5890657537
7.04478	69.2041522491
7.09287	67.8458271424
7.14128	66.5136851907
7.19002	65.2073266952
7.2391	63.9263568369
7.28851	62.6703851095
7.33826	61.4382698983
7.38835	60.2304416698
7.43878	59.045819556
7.48955	57.8841044461
7.54067	56.7453156742
7.59214	55.6281812366
7.64396	54.5327632842
7.69614	53.4587832781
7.74867	52.4056828723
7.80156	51.3732057908
7.85481	50.3605817654
7.90842	49.3676010308
7.9624	48.3940436611
8.01675	47.4396804463
8.07147	46.504057479
8.12656	45.5863313944
8.18203	44.6865462215
8.23788	43.8039335932
8.2941	42.9387264374
8.35072	42.0903764563
8.40771	41.2588912911
8.4651	40.4434216752
8.52288	39.6435254194
8.58105	38.8593989228
8.63963	38.0907397603
8.6986	37.3372562344
8.75797	36.5985323989
8.81775	35.8743107648
8.87793	35.1642168929
8.93853	34.4676641609
8.99954	33.7850393089
9.06097	33.1154337791
9.12281	32.4591015321
9.18508	31.8158245548
9.24778	31.1850960189
9.3109	30.56683132
9.37445	29.9603923613
9.43844	29.3660745487
9.50286	28.7836048587
9.56772	28.2127239385
9.63303	27.6528024733
9.69878	27.1035763169
9.76498	26.5652935066
9.83163	26.0379372746
9.89874	25.5211417138
9.9663	25.0140704146
10.0343	24.5169547
10.1028	24.0295082361
10.1718	23.5516888916
10.2412	23.0833864251
10.3111	22.6241272743
10.3815	22.1740798311
10.4523	21.7328468073
10.5237	21.3003887321
10.5955	20.8764780546
10.6678	20.4607766911
10.7407	20.0534625311
10.814	19.653972166
10.8878	19.2625153378
10.9621	18.8787530961
11.0369	18.5025515019
11.1122	18.1338459167
11.1881	17.7723433901
11.2645	17.4180827568
11.3413	17.0706434438
11.4188	16.7301576148
11.4967	16.3964531193
11.5752	16.0693940714
11.6542	15.7489243485
11.7337	15.434623565
11.8138	15.1266707408
11.8944	14.8246759696
11.9756	14.5286963546
12.0574	14.2386453922
12.1397	13.9543970305
12.2225	13.6758121381
12.306	13.4025620338
12.39	13.1348223844
12.4745	12.8724150582
12.5597	12.6153038774
12.6454	12.363308174
12.7317	12.1162187704
12.8186	11.8741294779
12.9061	11.6368104899
12.9942	11.4043030716
13.0829	11.1763187218
13.1722	10.9528425365
13.2621	10.7338519931
13.3526	10.5192291509
13.4438	10.3089595167
13.5355	10.1027449158
13.6279	9.9006960189
13.7209	9.7027089964
13.8146	9.5086861848
13.9089	9.318535499
14.0038	9.1320864991
14.0994	8.9495068822
14.1956	8.7704680799
14.2925	8.5950526877
14.3901	8.4231096436
14.4883	8.2545709687
14.5872	8.0895022529
14.6868	7.9276993816
14.787	7.7691626397
14.8879	7.6137687394
14.9895	7.4614615511
15.0919	7.3121330223
15.1949	7.1656849678
15.2986	7.0222746552
15.403	6.8816967512
15.5081	6.7439068801
15.614	6.6089048384
15.7206	6.476600044
15.8279	6.346949656
15.9359	6.2199111797
16.0447	6.0954424377
16.1542	5.9734301825
16.2645	5.8539098264
16.3755	5.7367738678
16.4872	5.6219571157
16.5998	5.5095204513
16.7131	5.3992764969
16.8272	5.2912852532
16.942	5.185431013
17.0576	5.0817139605
17.1741	4.9800796813
17.2913	4.880524754
17.4093	4.7829726175
17.5282	4.6873754916
17.6478	4.5937515791
17.7682	4.5019290766
17.8895	4.4119917937
18.0116	4.3238755762
18.1346	4.2375395151
18.2584	4.1529618924
18.383	4.0700537654
18.5085	3.9888630942
18.6348	3.9092735788
18.762	3.8313148689
18.89	3.7549236436
19.019	3.6800694797
19.1488	3.6067749661
19.2795	3.5349054236
19.4111	3.4645352846
19.5436	3.3955742086
19.677	3.3280195954
19.8113	3.2617169025
19.9465	3.1964813134
20.0826	3.1325572945
20.2197	3.0702441151
20.3577	3.0092383618
20.4967	2.9494783847
20.6366	2.8909588154
20.7774	2.8336558978
20.9193	2.7775386008
21.0621	2.7226071686
21.2058	2.6687874631
21.3506	2.616095791
21.4963	2.5644971021
21.643	2.513971396
21.7907	2.4644988934
21.9395	2.4160366851
22.0892	2.3685905939
22.24	2.3221198167
22.3918	2.2766234032
22.5446	2.2320681227
22.6985	2.188442398
22.8534	2.1457293549
23.0094	2.1038900928
23.1665	2.0629317974
23.3246	2.02281738
23.4838	1.9835445147
23.6441	1.9450901063
23.8055	1.90743231
23.968	1.8705609251
24.1316	1.8344517374
24.2963	1.7991015287
24.4621	1.764483765
24.6291	1.7305918451
24.7972	1.6974095832
24.9664	1.6649157303
25.1369	1.6331063316
25.3084	1.6019454025
25.4812	1.5714424899
25.6551	1.5415778975
25.8302	1.5123330762
26.0065	1.48370374
26.184	1.455663404
26.3627	1.4282184546
26.5427	1.4013433277
26.7239	1.3750391886
26.9063	1.3492800242
27.0899	1.3240578666
27.2748	1.2993678575
27.461	1.2751914062
27.6484	1.2515284291
27.8371	1.2283548521
28.0271	1.2056676023
28.2184	1.183458563
28.4111	1.1617140859
28.605	1.1404316077
28.8002	1.1195851265
28.9968	1.0991849544
29.1947	1.0792108379
29.394	1.059657667
29.5946	1.0405177616
29.7966	1.0217760921
30.0000	1.0034357641
