1	9014.77521658
1.00683	8872.4059303161
1.0137	8732.3279513085
1.02062	8593.7231446152
1.02758	8457.01721003
1.0346	8322.0985003579
1.04166	8188.3986767548
1.04877	8056.9140407841
1.05593	7926.1284825427
1.06313	7797.3925519306
1.07039	7670.7705288996
1.0777	7546.2016194149
1.08505	7423.6294124197
1.09246	7303.0548678512
1.09992	7184.4757847244
1.10742	7067.7871465223
1.11498	6952.9908290051
1.12259	6840.0388514207
1.13025	6728.931714801
1.13797	6619.6232110468
1.14574	6512.1549371903
1.15356	6406.3961459121
1.16143	6302.3886052814
1.16936	6200.0124000248
1.17734	6099.3089482962
1.18538	6000.2400096004
1.19347	5902.8044223811
1.20161	5806.8974327707
1.20981	5712.5882594886
1.21807	5619.8087017118
1.22639	5528.5272003538
1.23476	5438.4476495029
1.24319	5349.395785746
1.25167	5261.7732175743
1.26021	5174.8316885993
1.26882	5089.3434238049
1.27748	5004.6292820859
1.2862	4921.0176664534
1.29497	4838.7955270174
1.30381	4757.9624501604
1.31271	4678.493899244
1.32167	4600.3450258769
1.33069	4523.5154953023
1.33978	4447.9434933259
1.34892	4373.6113783874
1.35813	4300.5388575189
1.3674	4228.6695337046
1.37673	4157.9868690775
1.38613	4088.5247376189
1.39559	4020.2136341525
1.40512	3953.0379096336
1.41471	3887.0123257161
1.42436	3822.0747750709
1.43408	3758.2258167564
1.44387	3695.4505308515
1.45373	3633.6020987686
1.46365	3572.7683595634
1.47364	3512.8517681939
1.4837	3453.8019451813
1.49383	3395.6779810657
1.50402	3337.7502895498
1.51429	3280.7968399365
1.52462	3224.7454063502
1.53503	3169.6122930243
1.54551	3115.4394950496
1.55606	3062.1962684076
1.56668	3009.8633221066
1.57737	2958.4135803017
1.58814	2907.8474077994
1.59898	2858.1472917625
1.60989	2809.2886319326
1.62088	2761.2638857058
1.63194	2714.0503673467
1.64308	2667.6412449348
1.6543	2622.0498661444
1.66559	2577.2332370307
1.67696	2533.1783028212
1.68841	2489.884842826
1.69993	2447.3214067204
1.71153	2405.4767895545
1.72321	2364.3512574802
1.73498	2323.3445008759
1.74682	2282.9434446421
1.75874	2243.1281768303
1.77075	2203.8907487278
1.78283	2165.3129851655
1.795	2127.2522282967
1.80725	2089.8554238018
1.81959	2053.122491341
1.83201	2017.0358850854
1.84451	1981.5831660547
1.8571	1946.7562174527
1.86978	1912.5468813054
1.88254	1878.9363716987
1.89539	1845.920976123
1.90833	1813.486536676
1.92135	1781.6229159466
1.93447	1750.3172450007
1.94767	1719.5632997044
1.96097	1689.3489924723
1.97435	1659.6546258724
1.98783	1630.4861783687
2.00139	1602.0198265974
2.01506	1574.171002196
2.02881	1546.649261707
2.04266	1519.172719304
2.0566	1492.1876515503
2.07064	1465.6524351815
2.08477	1439.5842480692
2.099	1413.9511734381
2.11333	1388.746156645
2.12775	1363.9829393014
2.14227	1339.6349762617
2.1569	1315.7219563733
2.17162	1292.1950129026
2.18644	1269.0806272304
2.20137	1246.3668406595
2.21639	1224.0456422139
2.23152	1202.1210223318
2.24675	1180.5664593986
2.26209	1159.3974379636
2.27753	1138.5838749197
2.29307	1118.1367369416
2.30872	1098.034737427
2.32448	1078.2647700708
2.34035	1058.8486926395
2.35632	1039.7820616799
2.3724	1021.0572639545
2.3886	1002.6500039605
2.4049	984.5620667927
2.42132	966.8000850784
2.43784	949.3340421694
2.45448	932.1836401771
2.47124	915.3318077803
2.4881	898.7794574967
2.50509	882.5112740815
2.52219	866.5361085596
2.5394	850.8465923594
2.55673	835.4218880535
2.57418	820.2772537118
2.59176	805.3929109316
2.60945	790.7826375764
2.62726	776.4216280009
2.64519	762.3171391762
2.66324	748.4693801177
2.68142	734.8564457933
2.69972	721.4903103851
2.71815	708.3607823136
2.7367	695.4683283723
2.75538	682.8035915469
2.77419	670.3670930201
2.79313	658.1502030393
2.81219	646.153448521
2.83139	634.3728589916
2.85071	622.7968561215
2.87017	611.4263353551
2.88976	600.2617141074
2.90948	589.2994996847
2.92934	578.5329561298
2.94934	567.9559266201
2.96947	557.5721080129
2.98974	547.3753352674
3.01014	537.3628381356
3.03069	527.5318893027
3.05138	517.8717542388
3.0722	508.3884087443
3.09317	499.0742173269
3.11429	489.9294991451
3.13554	480.9495868643
3.15694	472.132385921
3.17849	463.473642254
3.20019	454.9735432885
3.22203	446.6279589102
3.24402	438.429195877
3.26617	430.3814901529
3.28846	422.4792773914
3.3109	414.7192143559
3.3335	407.1014781855
3.35626	399.6211591411
3.37917	392.2783921293
3.40223	385.0670979418
3.42545	377.9860901119
3.44883	371.0341091657
3.47237	364.2058491459
3.49607	357.5041917366
3.51994	350.9252143276
3.54396	344.4700500515
3.56815	338.1291315153
3.59251	331.9039337254
3.61703	325.7912655362
3.64172	319.7881723147
3.66657	313.895855633
3.6916	308.1141871177
3.7168	302.4382572298
3.74217	296.8636356889
3.76771	291.3897250155
3.79343	286.0166461688
3.81932	280.7427329744
3.84539	275.5655983907
3.87163	270.4822698872
3.89806	265.4928343484
3.92467	260.5951471972
3.95145	255.7884936104
3.97843	251.0695563099
4.00558	246.4353131946
4.03292	241.8865213574
4.06045	237.422540896
4.08816	233.0415652936
4.11607	228.7387346173
4.14416	224.5127512017
4.17245	220.3647918765
4.20093	216.2961873471
4.2296	212.3029563187
4.25847	208.3806531066
4.28754	204.5299288645
4.3168	200.7504050139
4.34627	197.0404524049
4.37593	193.3989084566
4.4058	189.8253606682
4.43587	186.317929188
4.46615	182.8765382203
4.49663	179.4993762397
4.52733	176.1825815329
4.55823	172.9239186635
4.58934	169.7254012733
4.62067	166.5897577285
4.65221	163.5122429792
4.68396	160.4914891363
4.71593	157.5264565684
4.74812	154.6151859943
4.78053	151.7552006507
4.81316	148.9482762216
4.84601	146.1960518294
4.87909	143.4954928066
4.91239	140.8420948853
4.94592	138.2353429066
4.97968	135.6778465212
5.01367	133.1708648782
5.04789	130.7104110842
5.08234	128.2947700637
5.11703	125.9236499725
5.15196	123.5956444895
5.18712	121.3100515082
5.22253	119.0670383146
5.25818	116.8669376421
5.29407	114.7073128206
5.3302	112.5863678174
5.36658	110.5041975019
5.40321	108.4615167692
5.44009	106.4584056363
5.47723	104.4923344423
5.51461	102.5609468427
5.55225	100.6652969475
5.59015	98.8054422038
5.62831	96.9791010037
5.66672	95.1873286628
5.7054	93.4291293339
5.74434	91.7027364097
5.78355	90.0090009001
5.82303	88.3462466097
5.86277	86.7144752474
5.90279	85.1129022649
5.94308	83.5407929692
5.98365	81.9981304426
6.02449	80.4835451392
6.06561	78.9976774683
6.10701	77.5392154582
6.14869	76.1081344374
6.19066	74.7032413736
6.23292	73.3245343892
6.27546	71.9714417319
6.31829	70.6434202718
6.36142	69.3399529875
6.40484	68.0600834417
6.44856	66.8047297749
6.49257	65.5724805414
6.53689	64.3633180578
6.5815	63.1763821413
6.62643	62.0112736495
6.67166	60.8679773571
6.71719	59.7457222063
6.76304	58.6444912297
6.80921	57.5635645662
6.85568	56.502921201
6.90248	55.4618865915
6.94959	54.4398412534
6.99702	53.437358057
7.04478	52.4532379384
7.09287	51.4874730978
7.112	407.6
7.14128	404.5192895023
7.19002	397.8373561321
7.2391	391.2669222944
7.28851	384.8033462499
7.33826	378.4252212841
7.38835	372.1373335616
7.43878	365.9464839862
7.48955	359.8274267661
7.54067	353.8119701666
7.59214	347.8756970559
7.64396	342.0358658809
7.69614	336.2791385874
7.74867	330.6036492031
7.80156	325.0214514158
7.85481	319.5102546816
7.90842	314.0910675641
7.9624	308.7458435091
8.01675	303.4855313273
8.07147	298.3053274348
8.12656	293.200962872
8.18203	288.1819465538
8.23788	283.2275478442
8.2941	278.3592392999
8.35072	273.5626335328
8.40771	268.8439441557
8.4651	264.1986985572
8.52288	259.6175314527
8.58105	255.1163585711
8.63963	250.6793410141
8.6986	246.3199795062
8.75797	242.024095919
8.81775	237.7974251295
8.87793	233.6415844638
8.93853	229.5504942222
8.99954	225.5315214131
9.06097	221.5634402599
9.12281	217.6638573518
9.18508	213.8278172884
9.24778	210.0553495846
9.3109	206.3468153464
9.37445	202.6938006101
9.43844	199.1060139972
9.50286	195.5726268729
9.56772	192.1011835354
9.63303	188.6845854128
9.69878	185.3221176388
9.76498	182.018733368
9.83163	178.7696713677
9.89874	175.5787514595
9.9663	172.4349015138
10.0343	169.3437084579
10.1028	166.3052299669
10.1718	163.316500846
10.2412	160.3810654114
10.3111	157.4907316704
10.3815	154.6524881266
10.4523	151.8600579194
10.5237	149.1159659956
10.5955	146.4188868651
10.6678	143.7661557218
10.7407	141.1615904959
10.814	138.5978334387
10.8878	136.0805270127
10.9621	133.6053538337
11.0369	131.1726573219
11.1122	128.7828347935
11.1881	126.4323201469
11.2645	124.1244571107
11.3413	121.8538850065
11.4188	119.6240932494
11.4967	117.4330543515
11.5752	115.2800209349
11.6542	113.1659533439
11.7337	111.0866720433
11.8138	109.0456650532
11.8944	107.0384182291
11.9756	105.0671799549
12.0574	103.1306335109
12.1397	101.2280993007
12.2225	99.3601208219
12.306	97.5229178857
12.39	95.7185110028
12.4745	93.9461125099
12.5597	92.2058403179
12.6454	90.4969185799
12.7317	88.8170457674
12.8186	87.1687587169
12.9061	85.5483219697
12.9942	83.9581216889
13.0829	82.3947201463
13.1722	80.859700334
13.2621	79.3524837327
13.3526	77.8713098733
13.4438	76.418129437
13.5355	74.9900638165
13.6279	73.5883906955
13.7209	72.2115509597
13.8146	70.8591674048
13.9089	69.5323255782
14.0038	68.2277168277
14.0994	66.9478476267
14.1956	65.6909372783
14.2925	64.4570780317
14.3901	63.2455064068
14.4883	62.0555272858
14.5872	60.8876197203
14.6868	59.7407252524
14.787	58.6156163725
14.8879	57.5099348412
14.9895	56.4244927438
15.0919	55.3590309955
15.1949	54.3129949272
15.2986	53.286725211
15.403	52.2782877815
15.5081	51.2891528571
15.614	50.3175034467
15.7206	49.3639455614
15.8279	48.4282607959
15.9359	47.5093237048
16.0447	46.6078785958
16.1542	45.7226464268
16.2645	44.8543131908
16.3755	44.0014960509
16.4872	43.1644739114
16.5998	42.3432769462
16.7131	41.5368639668
16.8272	40.7459773534
16.942	39.969143821
17.0576	39.2070760931
17.1741	38.4590238331
17.2913	37.7250298028
17.4093	37.0048291302
17.5282	36.297904159
17.6478	35.6044206449
17.7682	34.9233955319
17.8895	34.2553738118
18.0116	33.5997795854
18.1346	32.9565303365
18.2584	32.325426534
18.383	31.7058709761
18.5085	31.098201902
18.6348	30.5017538508
18.762	29.9165627066
18.89	29.3422925133
19.019	28.7788832067
19.1488	28.2262617139
19.2795	27.6836533564
19.4111	27.1515572776
19.5436	26.6295273525
19.677	26.1172980088
19.8113	25.6148197101
19.9465	25.1216515979
20.0826	24.6379453925
20.2197	24.1631690479
20.3577	23.6975247935
20.4967	23.2406264743
20.6366	22.7923344821
20.7774	22.3526124616
20.9193	21.9211714674
21.0621	21.4981640568
21.2058	21.082946637
21.3506	20.6757240122
21.4963	20.276243542
21.643	19.8843921441
21.7907	19.5000575252
21.9395	19.1228721024
22.0892	18.7530356476
22.24	18.3901281792
22.3918	18.0342325803
22.5446	17.685123451
22.6985	17.342654432
22.8534	17.0068605676
23.0094	16.6773401644
23.1665	16.3542460529
23.3246	16.0372577572
23.4838	15.726386045
23.6441	15.4215083777
23.8055	15.1224159572
23.968	14.8291386643
24.1316	14.5413935308
24.2963	14.2592735185
24.4621	13.9825134687
24.6291	13.7111392037
24.7972	13.444980451
24.9664	13.1839156229
25.1369	12.9279808045
25.3084	12.6768258749
25.4812	12.4305906892
25.6551	12.1891017241
25.8302	11.952257901
26.0065	11.7200318785
26.184	11.4921922046
26.3627	11.2688372701
26.5427	11.0497603859
26.7239	10.8349992145
26.9063	10.624373162
27.0899	10.4178061142
27.2748	10.2152871773
27.461	10.0166276018
27.6484	9.8219284374
27.8371	9.6308495372
28.0271	9.443584029
28.2184	9.2599451811
28.4111	9.0798481849
28.605	8.9033717069
28.8002	8.7301171582
28.9968	8.5603978873
29.1947	8.3939093794
29.394	8.230655901
29.5946	8.0706341904
29.7966	7.913708918
30	7.7598783251

