1	1878.4210743817
1.00683	1848.7329708584
1.0137	1819.5117158359
1.02062	1791.1260451221
1.02758	1763.3512137146
1.0346	1735.9634336662
1.04166	1708.9226268192
1.04877	1682.3036793664
1.05593	1655.9691062404
1.06313	1630.0449892417
1.07039	1604.5234725739
1.0777	1579.3995754574
1.08505	1554.6707751433
1.09246	1530.3342862215
1.09992	1506.3780044709
1.10742	1482.797326813
1.11498	1459.5897968835
1.12259	1436.7320667104
1.13025	1414.2231248109
1.13797	1392.0674428835
1.14574	1370.2647077362
1.15356	1348.8050261871
1.16143	1327.6774274922
1.16936	1306.8786249546
1.17734	1286.4069239566
1.18538	1266.2555556963
1.19347	1246.419659528
1.20161	1226.8960144283
1.20981	1207.6769609051
1.21807	7980.4001372629
1.22639	7889.6708429324
1.23476	7800.068640604
1.24319	7711.408257376
1.25167	7623.7525634868
1.26021	7537.4422443488
1.26882	7452.0645944959
1.27748	7367.8936665586
1.2862	7284.8068069235
1.29497	7202.6390469468
1.30381	7121.441949566
1.31271	7041.1130591524
1.32167	6961.752133777
1.33069	6883.2599118943
1.33978	6805.6377903455
1.34892	6728.8864365836
1.35813	6653.0058280331
1.3674	6577.9952901554
1.37673	6503.7689340973
1.38613	6430.4132826617
1.39559	6357.8853673268
1.40512	6286.1848515518
1.41471	6215.4266890422
1.42436	6145.3372253803
1.43408	6075.9985903683
1.44387	6007.4853267171
1.45373	5937.3960955683
1.46365	5867.5460162296
1.47364	5796.5637969812
1.4837	5724.000160272
1.49383	5650.9307082877
1.50402	5562.323048598
1.51429	5475.1019737743
1.52462	5387.4956226598
1.53503	5300.6249436809
1.54551	5215.1510568504
1.55606	5131.0469388174
1.56668	5048.3123491817
1.57737	4966.9203107305
1.58814	4886.8451016708
1.59898	4808.0621586276
1.60989	4730.5479866788
1.62088	4654.2800759579
1.63194	4579.1948859552
1.64308	4505.3365711686
1.6543	4432.7027074948
1.66559	4361.2511557316
1.67696	4290.9246942716
1.68841	4221.7606430586
1.69993	4153.7036498594
1.71153	4086.7369040516
1.72321	4020.8602228361
1.73498	3954.5699009776
1.74682	3889.0984680841
1.75874	3824.4281523805
1.77075	3760.5436241863
1.78283	3697.677858305
1.795	3635.5043353389
1.80725	3574.3774328106
1.81959	3514.2591063239
1.83201	3455.1504199735
1.84451	3397.039140685
1.8571	3339.9018068869
1.86978	3283.7271616776
1.88254	3228.493391274
1.89539	3174.1900260601
1.90833	3120.8356349496
1.92135	3068.3788220494
1.93447	3016.8005623316
1.94767	2966.0828426938
1.96097	2916.2170831997
1.97435	2867.1533181565
1.98783	2818.9262709834
2.00139	2771.925934139
2.01506	2725.9692183556
2.02881	2680.4190030986
2.04266	2634.6434537014
2.0566	2589.6471087885
2.07064	2545.2870192907
2.08477	2501.6761230024
2.099	2458.7483495652
2.11333	2416.5095935431
2.12775	2374.981000152
2.14227	2334.092691489
2.1569	2293.9041790346
2.17162	2254.3492032003
2.18644	2215.4625996681
2.20137	2177.1740715986
2.21639	2139.4676148787
2.23152	2102.4127288476
2.24675	2065.9577676913
2.26209	2030.135328821
2.27753	1994.8771554648
2.29307	1960.2077820249
2.30872	1926.1105471888
2.32448	1892.5629844961
2.34035	1859.59326976
2.35632	1827.1314401816
2.3724	1795.2386680047
2.3886	1763.8644152701
2.4049	1733.0211584553
2.42132	1702.6928086769
2.43784	1672.8310490825
2.45448	1643.4961106665
2.47124	1614.6350521124
2.4881	1586.2793184075
2.50509	1558.4018900298
2.52219	1530.9996815521
2.5394	1504.0647349462
2.55673	1477.5675691649
2.57418	1451.5347076464
2.59176	1425.929385125
2.60945	1400.7701434249
2.62726	1376.0344338857
2.64519	1351.7148530483
2.66324	1327.8149344657
2.68142	1304.2826119564
2.69972	1281.1676049084
2.71815	1258.4568298969
2.7367	1236.1458948831
2.75538	1214.2052298248
2.77419	1192.6286011421
2.79313	1171.4320522552
2.81219	1150.6049881028
2.83139	1130.1491005708
2.85071	1110.0405386805
2.87017	1090.284258912
2.88976	1070.8667488379
2.90948	1051.7702344817
2.92934	1033.0140975434
2.94934	1014.5578911806
2.96947	996.432770681
2.98974	978.6172138768
3.01014	961.1133537089
3.03069	943.9127069529
3.05138	927.0160281071
3.0722	910.423437941
3.09317	894.1104941749
3.11429	878.0787636651
3.13554	862.329151037
3.15694	846.8547813421
3.17849	831.6561600772
3.20019	816.7132193202
3.22203	802.0403907541
3.24402	787.6186350569
3.26617	773.4490413099
3.28846	759.532128209
3.3109	745.8623287314
3.3335	732.4290276272
3.35626	719.2330099182
3.37917	706.2695548383
3.40223	693.5341808321
3.42545	681.0226235716
3.44883	668.7308157847
3.47237	656.6548687675
3.49607	644.7952130403
3.51994	633.1438122855
3.54396	621.7049636924
3.56815	610.4633416763
3.59251	599.4197616707
3.61703	588.5711258777
3.64172	577.9144224323
3.66657	567.4499367293
3.6916	557.1682480959
3.7168	547.0728865207
3.74217	537.1550121934
3.76771	527.4150334381
3.79343	517.8502998353
3.81932	508.4504464195
3.84539	499.2261993909
3.87163	490.1576346953
3.89806	481.2527972819
3.92467	472.5071702963
3.95145	463.9165692442
3.97843	455.4812615009
4.00558	447.1991914639
4.03292	439.0663692724
4.06045	431.0735023429
4.08816	423.2248890093
4.11607	415.5170694412
4.14416	407.9484679495
4.17245	400.5158644334
4.20093	393.214687355
4.2296	386.0467270958
4.25847	379.0032215274
4.28754	372.0861007237
4.3168	365.296803653
4.34627	358.6298903668
4.37593	352.0854018351
4.4058	345.6547738381
4.43587	339.3419480943
4.46615	333.1412218954
4.49663	327.0528288434
4.52733	321.072639474
4.55823	315.1969035056
4.58934	309.428917989
4.62067	303.7667071689
4.65221	298.2092534331
4.68396	292.7494737828
4.71593	287.387703255
4.74812	282.1240555897
4.78053	276.9569082746
4.81316	271.88541661
4.84601	266.9015400219
4.87909	262.0098777724
4.91239	257.2042922252
4.94592	252.4850844436
4.97968	247.8517450002
5.01367	243.3013067713
5.04789	238.8350581205
5.08234	234.4500972968
5.11703	230.1458894793
5.15196	225.9187550973
5.18712	221.7673527409
5.22253	217.6918136993
5.25818	213.6870851799
5.29407	209.7552994676
5.3302	205.8981586528
5.36658	202.1124796372
5.40321	198.3953781813
5.44009	194.7450008958
5.47723	191.1618242191
5.51461	187.6390874736
5.55225	184.1810573466
5.59015	180.7870382925
5.62831	177.4553611039
5.66672	174.1847717221
5.7054	170.9746581362
5.74434	167.8235302015
5.78355	164.7261921235
5.82303	161.6859315454
5.86277	158.7021969145
5.90279	155.7741586248
5.94308	152.8995877827
5.98365	150.0751125939
6.02449	147.3027395364
6.06561	144.5811700376
6.10701	141.9097936206
6.14869	139.2864355905
6.19066	136.7100721146
6.23292	134.1813595255
6.27546	131.6997298839
6.31829	129.2639323898
6.36142	126.8723182364
6.40484	124.5247822996
6.44856	122.2181618633
6.49257	119.9506762819
6.53689	117.7255887162
6.5815	115.5432206748
6.62643	113.4013136408
6.67166	111.2999500263
6.71719	109.2376848165
6.76304	107.2125069822
6.80921	105.223173089
6.85568	103.2707925414
6.90248	101.351317111
6.94959	99.4678470185
6.99702	97.6190708617
7.04478	95.8047116757
7.09287	94.023844447
7.14128	92.2747573174
7.19002	90.5583829895
7.2391	88.8730892286
7.28851	87.2181762679
7.33826	85.5937208446
7.38835	83.9997312009
7.43878	82.4347940779
7.48955	80.8982946639
7.54067	79.3902826294
7.59214	77.9095314521
7.64396	76.4566911073
7.69614	75.0294490588
7.74867	73.6284853884
7.80156	72.253813195
7.85481	70.9038826966
7.90842	69.5787701257
7.9624	68.2775619448
8.01675	67.0003283016
8.07147	65.7470841168
8.12656	64.516545268
8.18203	63.3087695308
8.23788	62.1226051736
8.2941	60.958511637
8.35072	59.8157674363
8.40771	58.6940572267
8.4651	57.5930704018
8.52288	56.5115424826
8.58105	55.4502001752
8.63963	54.4084441905
8.6986	53.3860075274
8.75797	52.382074854
8.81775	51.3967054712
8.87793	50.4294063955
8.93853	49.4794759134
8.99954	48.5476956836
9.06097	47.6324300637
9.12281	46.7344315925
9.18508	45.8528398956
9.24778	44.9870887055
9.3109	44.1376388129
9.37445	43.3035404975
9.43844	42.4852151451
9.50286	41.681255106
9.56772	40.8926037548
9.63303	40.118268656
9.69878	39.3583022403
9.76498	38.6127221197
9.83163	37.8799357556
9.89874	37.1611829148
9.9663	36.4552384355
10.0343	35.7624372816
10.1028	35.0825492384
10.1718	34.414996679
10.2412	33.7601744726
10.3111	33.1166401182
10.3815	32.4855682863
10.4523	31.8658067148
10.5237	31.2575213411
10.5955	30.660644916
10.6678	30.0743739267
10.7407	29.4994822841
10.814	28.9345154047
10.8878	28.3803880167
10.9621	27.8362338689
11.0369	27.3021888165
11.1031	204.0
11.1122	203.0712495786
11.1881	199.6294876709
11.2645	196.246202636
11.3413	192.9198418057
11.4188	189.6496791127
11.4967	186.4283863318
11.5752	183.254900236
11.6542	180.1337673356
11.7337	177.0547648093
11.8138	174.0283561804
11.8944	171.043089175
11.9756	168.1064988291
12.0574	165.2157966127
12.1397	162.3692927194
12.2225	159.570818327
12.306	156.8096143111
12.39	154.0960264799
12.4745	151.4226919018
12.5597	148.7935816401
12.6454	146.2065254896
12.7317	143.6583459753
12.8186	141.1546165323
12.9061	138.6866375425
12.9942	136.2616878463
13.0829	133.8736473741
13.1722	131.5242609652
13.2621	129.213991291
13.3526	126.9393153909
13.4438	124.7046059646
13.5355	122.5024806752
13.6279	120.3391156278
13.7209	118.2102961168
13.8146	116.1166414887
13.9089	114.0587699218
14.0038	112.0321397803
14.0994	110.0416287482
14.1956	108.0820515703
14.2925	106.1565490629
14.3901	104.2624577998
14.4883	102.3994232864
14.5872	100.5691206538
14.6868	98.7683585686
14.787	96.9988554135
14.8879	95.2580540685
14.9895	93.5471196842
15.0919	91.8644815169
15.1949	90.2103705842
15.2986	88.5857288391
15.403	86.9867780097
15.5081	85.4167912328
15.614	83.8722122973
15.7206	82.3540069342
15.8279	80.8629696117
15.9359	79.39595557
16.0447	77.9562976995
16.1542	76.5397892094
16.2645	75.1489828585
16.3755	73.7811356392
16.4872	72.4369979211
16.5998	71.1166740154
16.7131	69.8182630613
16.8272	68.543854358
16.942	67.2902227306
17.0576	66.0593609417
17.1741	64.849581396
17.2913	63.6610178124
17.4093	62.4937506249
17.5282	61.3463060322
17.6478	60.2199231594
17.7682	59.1121357215
17.8895	58.024497943
18.0116	56.9563657282
18.1346	55.9065242914
18.2584	54.8763088
18.383	53.8630585599
18.5085	52.8683736102
18.6348	51.8911738302
18.762	50.931278426
18.89	49.9887525307
19.019	49.0626579204
19.1488	48.1535520468
19.2795	47.260095938
19.4111	46.3830497783
19.5436	45.5215863362
19.677	44.6757656309
19.8113	43.8450341114
19.9465	43.0290747458
20.0826	42.2281247757
20.2197	41.4409859639
20.3577	40.6684262539
20.4967	39.9096445647
20.6366	39.1645419903
20.7774	38.4331570533
20.9193	37.7146434646
21.0621	37.0096225019
21.2058	36.3168866259
21.3506	35.6370297248
21.4963	34.9695589989
21.643	34.3141460067
21.7907	33.6709406314
21.9395	33.0389562333
22.0892	32.4187990132
22.24	31.8097522338
22.3918	31.2120578422
22.5446	30.625245002
22.6985	30.0491604265
22.8534	29.4838266469
23.0094	28.9285724617
23.1665	28.383851859
23.3246	27.8488697536
23.4838	27.3237481625
23.6441	26.8084296426
23.8055	26.3024997896
23.968	25.8060520353
24.1316	25.3185068157
24.2963	24.8401536115
24.4621	24.3705691259
24.6291	23.909716909
24.7972	23.457438823
24.9664	23.0134237301
25.1369	22.5778993974
25.3084	22.1501113043
25.4812	21.7304382595
25.6551	21.3185524703
25.8302	20.9142890606
26.0065	20.517618479
26.184	20.1281357119
26.3627	19.7461435782
26.5427	19.3710979345
26.7239	19.0032419531
26.9063	18.6421783013
27.0899	18.2878210427
27.2748	17.940212448
27.461	17.59897222
27.6484	17.2642693502
27.8371	16.935690104
28.0271	16.6133378522
28.2184	16.2970230228
28.4111	15.986673509
28.605	15.6822155834
28.8002	15.3833137196
28.9968	15.0901940901
29.1947	14.8024684596
29.394	14.5202157704
29.5946	14.2433099173
29.7966	13.9715734367
30	13.7050696423

