1	10437.2476143061
1.00683	10586.7830365858
1.0137	10738.4741272574
1.02062	10669.9330888496
1.02758	10502.5358372779
1.0346	10336.3873912612
1.04166	10170.0948361343
1.04877	10006.4942147454
1.05593	9843.8761246629
1.06313	9683.9169507282
1.07039	9526.5313899209
1.0777	9371.632069725
1.08505	9219.2239257299
1.09246	9069.3076490541
1.09992	8921.8004193246
1.10742	8776.7031192403
1.11498	8633.9382846091
1.12259	8493.5067141171
1.13025	8355.4055296074
1.13797	8219.4933504299
1.14574	8085.9046510124
1.15356	7954.3737123858
1.16143	7825.0322782582
1.16936	7697.8145904378
1.17734	7572.6596695291
1.18538	7449.5109396068
1.19347	7328.3695843349
1.20161	7209.1816137032
1.20981	7091.9470940747
1.21807	6976.6143885695
1.22639	6863.1353547555
1.23476	6751.3283238477
1.24319	6641.0322820579
1.25167	6532.4893357112
1.26021	6425.248657123
1.26882	6319.7143489114
1.27748	6215.5039530605
1.2862	6112.7683505306
1.29497	6011.7108126631
1.30381	5912.3319419646
1.31271	5814.5957983731
1.32167	5718.468365433
1.33069	5623.9490245261
1.33978	5530.9734513274
1.34892	5439.5126196693
1.35813	5349.5674874686
1.3674	5261.1365107091
1.37673	5174.1623031231
1.38613	5088.6441816443
1.39559	5004.5290988345
1.40512	4921.7927137781
1.41471	4840.435058303
1.42436	4760.4086334771
1.43408	4681.7136944807
1.44387	4604.3059469216
1.45373	4527.9806564666
1.46365	4452.8752215306
1.47364	4378.8013469193
1.4837	4305.7235983793
1.49383	4233.7361027613
1.50402	4161.4302003313
1.51429	4090.3643287508
1.52462	4020.3590984747
1.53503	3951.4758762398
1.54551	3883.7967997514
1.55606	3817.2746949043
1.56668	3751.9087835937
1.57737	3687.6283755628
1.58814	3624.4622204181
1.59898	3562.369973496
1.60989	3501.3270029341
1.62088	3441.3338610045
1.63194	3382.354930797
1.64308	3324.3907222904
1.6543	3267.4292846617
1.66559	3211.448170438
1.67696	3156.4361310931
1.68841	3102.3720736876
1.69993	3049.2267161048
1.71153	2997.0179671227
1.72321	2945.6989849121
1.73498	2894.7581719023
1.74682	2844.6184086636
1.75874	2795.248078267
1.77075	2746.6490881125
1.78283	2698.8732204305
1.795	2651.8164942986
1.80725	2605.5848104828
1.81959	2560.1572960643
1.83201	2515.5207631084
1.84451	2471.6623906907
1.8571	2428.5696938788
1.86978	2386.2304955485
1.88254	2344.6219062714
1.89539	2303.7334303973
1.90833	2263.5803503117
1.92135	2224.1300315382
1.93447	2185.3672181805
1.94767	2147.2774668997
1.96097	2109.8515297479
1.97435	2073.0587359732
1.98783	2036.9087872245
2.00139	2001.5932682415
2.01506	1967.0093196902
2.02881	1932.8900572136
2.04266	1898.988978268
2.0566	1865.6820840415
2.07064	1832.9184827834
2.08477	1800.7246115837
2.099	1769.0786284687
2.11333	1737.9637321728
2.12775	1707.3966128666
2.14227	1677.3513950532
2.1569	1647.8319475067
2.17162	1618.7856841069
2.18644	1590.2397445439
2.20137	1562.2022052046
2.21639	1534.6650133209
2.23152	1507.6089021291
2.24675	1480.9834322384
2.26209	1454.8268974216
2.27753	1429.108365
2.29307	1403.8338702998
2.30872	1379.0060124662
2.32448	1354.6207468295
2.34035	1330.6649066406
2.35632	1307.1058193658
2.3724	1283.9607621591
2.3886	1261.2249016245
2.4049	1238.8902516682
2.42132	1216.9402956922
2.43784	1195.348659297
2.45448	1174.1430223616
2.47124	1153.2974504053
2.4881	1132.8209961575
2.50509	1112.7171328395
2.52219	1092.9726232217
2.5394	1073.5672707988
2.55673	1054.4696861055
2.57418	1035.7113265391
2.59176	1017.289858434
2.60945	999.2006394884
2.62726	981.4120556657
2.64519	963.9390404951
2.66324	946.7814165744
2.68142	929.9124952342
2.69972	913.3504434316
2.71815	897.0701688286
2.7367	881.0805571953
2.75538	865.3663095588
2.77419	849.9354049092
2.79313	834.7733173057
2.81219	819.8670175698
2.83139	805.2307791413
2.85071	790.8514306502
2.87017	776.7231603312
2.88976	762.8463322348
2.90948	749.209583889
2.92934	735.8189296778
2.94934	722.6582260186
2.96947	709.7332822325
2.98974	697.0341198202
3.01014	684.5610936548
3.03069	672.3095851178
3.05138	660.2708430998
3.0722	648.449557109
3.09317	636.8291005426
3.11429	625.4143369983
3.13554	614.2015686708
3.15694	603.1908797539
3.17849	592.3714405881
3.20019	581.7437186222
3.22203	571.3045167335
3.24402	561.050735818
3.26617	550.9824016221
3.28846	541.0904053849
3.3109	531.3722156096
3.3335	521.825345057
3.35626	512.4473460352
3.37917	503.2358062341
3.40223	494.1859028529
3.42545	485.2955449869
3.44883	476.5649200562
3.47237	467.9917071869
3.49607	459.5714955376
3.51994	451.294085791
3.54396	443.1681202581
3.56815	435.1856284298
3.59251	427.3467748139
3.61703	419.6461543626
3.64172	412.0805535066
3.66657	404.6502405646
3.6916	397.3504670855
3.7168	390.1814734033
3.74217	383.1402944816
3.76771	376.2241392932
3.79343	369.4331049005
3.81932	362.761777968
3.84539	356.2116181981
3.87163	349.7738711923
3.89806	343.4514119288
3.92467	337.2419677394
3.95145	331.1455649674
3.97843	325.1567255417
4.00558	319.2715500314
4.03292	313.4923993768
4.06045	307.8154338659
4.08816	302.2417268883
4.11607	296.7658458123
4.14416	291.3863287362
4.17245	286.1033863197
4.20093	280.9178146841
4.2296	275.8255458588
4.25847	270.8214284747
4.28754	265.9058214762
4.3168	261.0782007535
4.34627	256.3346705459
4.37593	251.6774300714
4.4058	247.1045524072
4.43587	242.6148053259
4.46615	238.2018617858
4.49663	233.8667053326
4.52733	229.6100532466
4.55823	225.4313629129
4.58934	221.3285467346
4.62067	217.2949387663
4.65221	213.3342435594
4.68396	209.4446992688
4.71593	205.6246568639
4.74812	201.8733850129
4.78053	198.1881638065
4.81316	194.5703206324
4.84601	191.0172240231
4.87909	187.5289497816
4.91239	184.1006957165
4.94592	180.7327992077
4.97968	177.4254502614
5.01367	174.1753667262
5.04789	170.9848900653
5.08234	167.8531083878
5.11703	164.778850305
5.15196	161.7586399334
5.18712	158.7909025516
5.22253	155.8771127194
5.25818	153.0135248655
5.29407	150.2020217192
5.3302	147.4408688396
5.36658	144.7299483893
5.40321	142.0670471222
5.44009	139.4499813834
5.47723	136.8812965396
5.51461	134.361467281
5.55225	131.8881904677
5.59015	129.4541952221
5.62831	127.0620583799
5.66672	124.7144040148
5.7054	122.4107075094
5.74434	120.1492734573
5.78355	117.927170538
5.82303	115.7460993565
5.86277	113.602799173
5.90279	111.4973876162
5.94308	109.4301425328
5.98365	107.3976580867
6.02449	105.4029554989
6.06561	103.4448158113
6.10701	101.5230487778
6.14869	99.634341965
6.19066	97.7784730914
6.23292	95.956397413
6.27546	94.167278754
6.31829	92.4111928437
6.36142	90.6848520023
6.40484	88.990931824
6.44856	87.3270923571
6.49257	85.6920057928
6.53689	84.0873162692
6.5815	82.5109739595
6.62643	80.9637929918
6.67166	79.4432616225
6.71719	77.9508286173
6.76304	76.4853454078
6.80921	75.0452147419
6.85568	73.6317382244
6.90248	72.2428515698
6.94959	70.8802619734
6.99702	69.5410292072
7.04478	68.22585487
7.09287	66.9348523082
7.14128	65.6663492793
7.19002	64.421782293
7.2391	63.197942275
7.28851	61.9974333063
7.33826	60.8180021286
7.38835	59.6601756396
7.43878	58.5236816078
7.48955	57.4062699128
7.54067	56.3097939625
7.59214	55.2324457479
7.64396	54.1752895669
7.69614	53.1366568541
7.74867	52.1167206075
7.80156	51.1161204909
7.85481	50.1323494024
7.90842	49.1673509123
7.9624	48.2183326101
8.01675	47.287136953
8.07147	46.3727254178
8.12656	45.4745956172
8.18203	44.5936846424
8.23788	43.7284637316
8.2941	42.879991767
8.3328	329.4
8.35072	328.6446693835
8.40771	323.1853144593
8.4651	317.8174837754
8.52288	312.5380905798
8.58105	307.3471332196
8.63963	302.2152376923
8.6986	297.168872155
8.75797	292.191759608
8.81775	287.2886273924
8.87793	282.4619382538
8.93853	277.6998675372
8.99954	273.017415781
9.06097	268.3944109548
9.12281	263.8466734211
9.18508	259.3636771545
9.24778	254.9459514583
9.3109	250.599559446
9.37445	246.3139123024
9.43844	242.1008543739
9.50286	237.9473708005
9.56772	233.861783009
9.63303	229.837504884
9.69878	225.8723188956
9.76498	221.9745972271
9.83163	218.1358113562
9.89874	214.3636507845
9.9663	210.6420580572
10.0343	206.980200274
10.1028	203.3768695419
10.1718	199.8285471066
10.2412	196.3413748216
10.3111	192.9030951302
10.3815	189.5253148963
10.4523	186.1985882423
10.5237	182.9267177276
10.5955	179.7090510464
10.6678	176.5399580541
10.7407	173.4271458574
10.814	170.3597828253
10.8878	167.3460917994
10.9621	164.3801389341
11.0369	161.4629838036
11.1122	158.5954784429
11.1881	155.7719747525
11.2645	152.9985419239
11.3413	150.2672503047
11.4188	147.5836134962
11.4967	144.9443413729
11.5752	142.348551817
11.6542	139.798354853
11.7337	137.2877702681
11.8138	134.8224927061
11.8944	132.3956192937
11.9756	130.0112849795
12.0574	127.6674518215
12.1397	125.3630828286
12.2225	123.099497631
12.306	120.8706068067
12.39	118.6821064175
12.4745	116.5297442172
12.5597	114.415297783
12.6454	112.3373355381
12.7317	110.2937121555
12.8186	108.287221025
12.9061	106.3131965508
12.9942	104.3753085595
13.0829	102.4694103193
13.1722	100.5963350743
13.2621	98.7566537295
13.3526	96.9471347274
13.4438	95.1719280881
13.5355	93.4247650367
13.6279	91.7094644167
13.7209	90.0243966115
13.8146	88.3688870822
13.9089	86.7423059575
14.0038	85.1433388109
14.0994	83.5736074548
14.1956	82.031089783
14.2925	80.5159461831
14.3901	79.0276438698
14.4883	77.5644754702
14.5872	76.1289929657
14.6868	74.7177536855
14.787	73.3326000073
14.8879	71.9714417319
14.9895	70.6344385268
15.0919	69.3212067436
15.1949	68.0313760706
15.2986	66.7654795764
15.403	65.5209241071
15.5081	64.2991711837
15.614	63.0990465734
15.7206	61.921038292
15.8279	60.7640471286
15.9359	59.6278032521
16.0447	58.5127235917
16.1542	57.4164877186
16.2645	56.3412023213
16.3755	55.284660718
16.4872	54.2475859824
16.5998	53.229429487
16.7131	52.2291396816
16.8272	51.2478860247
16.942	50.2835995012
17.0576	49.337398735
17.1741	48.4083339788
17.2913	47.4962359233
17.4093	46.6009282905
17.5282	45.7216011705
17.6478	44.8591422932
17.7682	44.0115662396
17.8895	43.1797573298
18.0116	42.3633675488
18.1346	41.5620687935
18.2584	40.7757172449
18.383	40.0033602823
18.5085	39.2456976904
18.6348	38.5015208101
18.762	37.7711971959
18.89	37.0543290573
19.019	36.3506823023
19.1488	35.6604130189
19.2795	34.9824038509
19.4111	34.3174432132
19.5436	33.6645929277
19.677	33.0240084541
19.8113	32.3952741774
19.9465	31.7780115227
20.0826	31.172555682
20.2197	30.5779539068
20.3577	29.9947209291
20.4967	29.4221489938
20.6366	28.8602787326
20.7774	28.3090441734
20.9193	27.7679818508
21.0621	27.2372693003
21.2058	26.7162520304
21.3506	26.2051760464
21.4963	25.7035709971
21.643	25.2114611302
21.7907	24.7286647263
21.9395	24.2547132972
22.0892	23.7898688465
22.24	23.3335744469
22.3918	22.8859660967
22.5446	22.4467898846
22.6985	22.0158602257
22.8534	21.5932352713
23.0094	21.1783641832
23.1665	20.7714948622
23.3246	20.3722000957
23.4838	19.9805389551
23.6441	19.5963158926
23.8055	19.2193115643
23.968	18.8495728687
24.1316	18.4866119956
24.2963	18.130689637
24.4621	17.7814763249
24.6291	17.4389810055
24.7972	17.1029925106
24.9664	16.7733170073
25.1369	16.4500740253
25.3084	16.1327531995
25.4812	15.8216082032
25.6551	15.5163853029
25.8302	15.2169711836
26.0065	14.923301691
26.184	14.6351386753
26.3627	14.3525767899
26.5427	14.0753679653
26.7239	13.8035370183
26.9063	13.536892092
27.0899	13.2753289958
27.2748	13.0188499929
27.461	12.7671689697
27.6484	12.5204239416
27.8371	12.2783451738
28.0271	12.0409246949
28.2184	11.8080901949
28.4111	11.5797165054
28.605	11.3558034401
28.8002	11.1360806787
28.9968	10.9206906682
29.1947	10.7093785241
29.394	10.5021497901
29.5946	10.2989369437
29.7966	10.0996226781
30	9.9042261333

