1.00000	4615.4840258098
1.00683	4533.1737656168
1.0137	4452.3201040062
1.02062	4373.5157380964
1.02758	4296.3815874271
1.0346	4220.406509555
1.04166	4145.3698291693
1.04877	4071.661237785
1.05593	3998.6564514323
1.06313	3926.9277288221
1.07039	3856.462466979
1.0777	3787.2619232474
1.08505	3719.2972016008
1.09246	3652.5677551319
1.09992	3587.0192945768
1.10742	3522.6400073271
1.11498	3459.4175724575
1.12259	3397.3392039355
1.13025	3336.3916923847
1.13797	3276.5399737877
1.14574	3217.7620464967
1.15356	3160.0369092311
1.16143	3103.334843623
1.16936	3047.637623696
1.17734	2992.9366694601
1.18538	2939.2227519355
1.19347	2886.4693861057
1.20161	2834.6679895117
1.20981	2783.7938656318
1.21807	2733.8314374212
1.22639	2684.7727742563
1.23476	2636.5050489072
1.24319	2588.9900608672
1.25167	2542.3233275962
1.26021	2496.2805419924
1.26882	2451.0644973112
1.27748	2406.4724482969
1.2862	2362.5860867305
1.29497	2319.5021420602
1.30381	2277.2092345389
1.31271	2235.6860202553
1.32167	2194.9270845223
1.33069	2154.9123381661
1.33978	2115.6230298261
1.34892	2077.050256308
1.35813	2039.1808202809
1.3674	2002.0180341785
1.37673	1965.5324234229
1.38613	1929.7084403518
1.39559	1894.5314350128
1.40512	1859.987575283
1.41471	1826.0671079662
1.42436	1792.7636886472
1.43408	1760.0861738191
1.44387	1728.005087247
1.45373	1696.4593197538
1.46365	1665.4730776277
1.47364	1635.0047987391
1.4837	1605.0256563351
1.49383	1575.567361807
1.50402	1546.2976994183
1.51429	1517.5727334672
1.52462	1489.3496605772
1.53503	1461.6442620962
1.54551	1434.4588575683
1.55606	1407.7963763321
1.56668	1381.6295768207
1.57737	1355.9174951323
1.58814	1330.686155009
1.59898	1305.9228826419
1.60989	1281.6224314685
1.62088	1257.7762013649
1.63194	1234.3789345829
1.64308	1211.4178555723
1.6543	1188.8740411731
1.66559	1166.7481445788
1.67696	1145.033360547
1.68841	1123.7230292427
1.69993	1102.808190777
1.71153	1082.2815360605
1.72321	1062.1382755335
1.73498	1042.238812348
1.74682	1022.6893867341
1.75874	1003.4830898047
1.77075	984.610537302
1.78283	966.0902328277
1.795	947.8852679672
1.80725	930.024924668
1.81959	912.4920156949
1.83201	895.2952236
1.84451	878.4181446052
1.8571	861.868358227
1.86978	845.623055067
1.88254	829.6896131157
1.89539	814.0471984566
1.90833	798.7092857942
1.92135	783.6560690244
1.93447	768.8877270141
1.94767	754.3924500404
1.96097	740.1760138561
1.97435	726.2269604497
1.98783	712.539991307
2.00139	699.1784653033
2.01506	686.1110539352
2.02881	673.2374643184
2.04266	660.4888938793
2.0566	647.9747549035
2.07064	635.6834550667
2.08477	623.6241292648
2.099	611.7854346124
2.11333	600.1644450579
2.12775	588.7617163582
2.14227	577.5706224479
2.1569	566.5914988612
2.17162	555.8087573228
2.18644	545.2295143641
2.20137	534.8480229343
2.21639	524.6534663855
2.23152	514.6547952961
2.24675	504.8363320611
2.26209	495.2064020284
2.27753	485.7505088237
2.29307	476.4718214565
2.30872	467.3661580165
2.32448	458.4275019827
2.34035	449.6605063177
2.35632	441.0532351255
2.3724	432.6101533603
2.3886	424.3221453728
2.4049	416.1897825408
2.42132	408.2082515216
2.43784	400.3731477737
2.45448	392.6896887542
2.47124	385.1486673856
2.4881	377.7533497278
2.50509	370.4897504011
2.52219	363.3602098769
2.5394	356.3664872955
2.55673	349.5037047393
2.57418	342.7721353676
2.59176	336.1627027481
2.60945	329.6804736849
2.62726	323.3201095409
2.64519	317.0778108948
2.66324	310.9549426288
2.68142	304.9421982063
2.69972	299.0457450276
2.71815	293.2568519463
2.7367	287.5786168044
2.75538	282.0078962211
2.77419	276.5425543683
2.79313	271.1812928297
2.81219	265.9185491484
2.83139	260.7582327893
2.85071	255.6916971792
2.87017	250.7201937566
2.88976	245.8427982811
2.90948	241.0550497417
2.92934	236.3602413711
2.94934	231.7502473934
2.96947	227.2298634576
2.98974	222.7955494361
3.01014	218.4474502814
3.03069	214.1818360952
3.05138	209.9922722844
3.0722	205.8850173355
3.09317	201.8513808653
3.11429	197.8959700465
3.13554	194.0146481059
3.15694	190.2073640683
3.17849	186.4728840456
3.20019	182.8066673248
3.22203	179.2127542133
3.24402	175.6851721715
3.26617	172.2264226333
3.28846	168.8325063354
3.3109	165.5012619471
3.3335	162.2354750579
3.35626	159.0313084937
3.37917	155.890234568
3.40223	152.806365302
3.42545	149.782216657
3.44883	146.8150673367
3.47237	143.9031129121
3.49607	141.0486970627
3.51994	138.2450891888
3.54396	135.4974993936
3.56815	132.800361217
3.59251	130.1551188707
3.61703	127.5598064152
3.64172	125.01078218
3.66657	122.5126861887
3.6916	120.0621441658
3.7168	117.6604859613
3.74217	115.3040799196
3.76771	112.9933288739
3.79343	110.726888807
3.81932	108.5008224362
3.84539	106.3198654416
3.87163	104.1787123303
3.89806	102.0805027261
3.92467	100.0214045806
3.95145	98.0017444311
3.97843	96.0208941466
4.00558	94.0733772342
4.03292	92.1650491701
4.06045	90.2967150055
4.08816	88.4666082787
4.11607	86.673138261
4.14416	84.91487284
4.17245	83.1919070913
4.20093	81.5035780071
4.2296	79.8492446261
4.25847	78.2270618698
4.28754	76.6371613595
4.3168	75.0795843594
4.34627	73.553208391
4.37593	72.0575307325
4.4058	70.5905606302
4.43587	69.1539020089
4.46615	67.7456287133
4.49663	66.3653678964
4.52733	65.0131651659
4.55823	63.6881826577
4.58934	62.3900375588
4.62067	61.1168493042
4.65221	59.8698429614
4.68396	58.6479306078
4.71593	57.4501332843
4.74812	56.2768370167
4.78053	55.1264877261
4.81316	53.999762401
4.84601	52.895219859
4.87909	51.8134715026
4.91239	50.7534347387
4.94592	49.7143908247
4.97968	48.696871713
5.01367	47.699000229
5.04789	46.7215489128
5.08234	45.7636581638
5.11703	44.8251594655
5.15196	43.905673052
5.18712	43.0050186857
5.22253	42.1226442911
5.25818	41.2575294991
5.29407	40.4102448053
5.3302	39.5798206243
5.36658	38.7664515129
5.40321	37.9693966663
5.44009	37.1882693323
5.47723	36.4233706916
5.51461	35.6736432422
5.55225	34.9393801754
5.59015	34.2199728293
5.62831	33.5153215292
5.66672	32.8249837516
5.7054	32.1485520292
5.74434	31.4859478215
5.78355	30.8365017839
5.82303	30.2004403224
5.86277	29.577223172
5.90279	28.9666998818
5.94308	28.3687138476
5.98365	27.7825625524
6.02449	27.2084411468
6.06561	26.6462023832
6.10701	26.0955567096
6.14869	25.5559048196
6.19066	25.0270918269
6.23292	24.5092032058
6.27546	24.0019969661
6.31829	23.5053533442
6.36142	23.0185621685
6.40484	22.5418150669
6.44856	22.0748115363
6.49257	21.6172280661
6.53689	21.1690838232
6.5815	20.7298567981
6.62643	20.2997872582
6.67166	19.8785816234
6.71719	19.4660842414
6.76304	19.0621062484
6.80921	18.666432714
6.85568	18.2790293835
6.90248	17.8992380294
6.94959	17.5274699272
6.99702	17.1632274419
7.04478	16.8065532112
7.09287	16.4571940155
7.14128	16.1148927393
7.19002	15.7797649762
7.2391	15.4514607811
7.28851	15.1299893031
7.33826	14.8152318362
7.38835	14.5070504265
7.43878	14.2052113238
7.48955	13.9092504861
7.54067	13.619524951
7.59214	13.3358404713
7.64396	13.058120388
7.69614	12.7860396904
7.74867	12.5194834461
7.80156	12.2585224313
7.85481	12.0029575287
7.90842	11.7527733607
7.9624	11.5079036282
8.01675	11.268176978
8.07147	11.0332409483
8.12656	10.8030209568
8.18203	10.577634016
8.23788	10.3568021923
8.2941	10.140650827
8.35072	9.9289090115
8.40771	9.7215741173
8.4651	9.5186422609
8.52288	9.3199250678
8.58105	9.1253364968
8.63963	8.9347938743
8.6986	8.7482175507
8.75797	8.5655305918
8.81775	8.3866585037
8.87793	8.2115289867
8.93853	8.0400717174
8.99954	7.8721561836
9.06097	7.707782548
9.12281	7.5468280682
9.18508	7.3892899631
9.24778	7.2350000362
9.3109	7.0839590831
9.37445	6.9360152592
9.43844	6.7912637184
9.50286	6.6495109285
9.56772	6.5107557685
9.63303	6.3748677215
9.69878	6.2418465879
9.76498	6.1116849304
9.83163	5.9841897706
9.89874	5.8594665542
9.9663	5.7372675689
10.0343	5.6175988136
10.1028	5.5004290335
10.1718	5.3856966668
10.2412	5.2734272003
10.3111	5.1634489774
10.3815	5.0558417724
10.4523	4.9504950495
10.5237	4.8473802334
10.5955	4.7464449128
10.6678	4.6476176312
10.7407	4.5509156442
10.814	4.4562088358
10.8878	4.3635538528
10.9621	4.2728469124
11.0369	4.184047899
11.1122	4.0971516602
11.1881	4.0120522048
11.2645	3.928794528
11.3413	3.8472784352
11.4188	3.7675142318
11.4967	3.6894378772
11.5752	3.6130300315
11.6542	3.5382574082
11.7337	3.4650514907
11.8138	3.3934425117
11.8944	3.3233190652
11.9756	3.2546997865
12.0574	3.1875557822
12.1397	3.1218586298
12.2225	3.0575710044
12.306	2.9946037241
12.39	2.9329985804
12.4745	2.8727212139
12.5597	2.8137468416
12.6454	2.756043314
12.7317	2.6995507947
12.8186	2.644292427
12.9061	2.5902105582
12.9942	2.5373175986
13.0829	2.4855280131
13.1722	2.4348376572
13.2621	2.3852458234
13.3526	2.3367325002
13.4438	2.28927771
13.5355	2.2428212898
13.6279	2.197382039
13.7209	2.1529174184
13.8146	2.1094242748
13.9089	2.0668715625
14.0038	2.0252180147
14.0994	1.9844774176
14.1956	1.9446172993
14.2925	1.9056294199
14.3901	1.8674798919
14.4883	1.8301476563
14.5872	1.7936383236
14.6868	1.7579264905
14.787	1.7230060943
14.8879	1.688824038
14.9895	1.6553879567
15.0919	1.6226021996
15.1949	1.5905204978
15.2986	1.5591429703
15.403	1.5284396771
15.5081	1.4984101868
15.614	1.4690306308
15.7206	1.4402954334
15.8279	1.41218803
15.9359	1.3846982535
16.0447	1.3578119675
16.1542	1.3315100522
16.2645	1.3057898723
16.3755	1.280627815
16.4872	1.2560147406
16.5998	1.2319473515
16.7131	1.2084037229
16.8272	1.1853818708
16.942	1.1628623624
17.0576	1.140838836
17.1741	1.1193019138
17.2913	1.0982409475
17.4093	1.0776442696
17.5282	1.0575050073
17.6478	1.0378116289
17.7682	1.0185487921
17.8895	0.9997100841
18.0116	0.9812964889
18.1346	0.9632890541
18.2584	0.9456801332
18.383	0.9284620027
18.5085	0.9116268893
18.6348	0.8951669934
18.762	0.8790745104
18.89	0.8633341967
19.019	0.8479534643
19.1488	0.8329099374
19.2795	0.8182100836
19.4111	0.8038326742
19.5436	0.7897833624
19.677	0.7760420304
19.8113	0.7626310772
19.9465	0.7495521426
20.0826	0.7367133743
20.2197	0.7240815026
20.3577	0.7117235097
20.4967	0.699643182
20.6366	0.6878288682
20.7774	0.6762788433
20.9193	0.6649908896
21.0621	0.6539495282
21.2058	0.6431571297
21.3506	0.6326030985
21.4963	0.6222852805
21.643	0.6121936736
21.7907	0.6023298117
21.9395	0.5926874226
22.0892	0.583253622
22.24	0.5740330413
22.3918	0.5650196344
22.5446	0.5562044608
22.6985	0.5475851495
22.8534	0.5391591274
23.0094	0.5309208291
23.1665	0.5228676151
23.3246	0.5149913996
23.4838	0.5072923272
23.6441	0.4997651104
23.8055	0.4924046581
23.968	0.4852084213
24.1316	0.4781714723
24.2963	0.4712935122
24.4621	0.4645695995
24.6291	0.4579949895
24.7972	0.4515671638
24.9664	0.4452815738
25.1369	0.4391377092
25.3084	0.4331310611
25.4812	0.4272573072
25.6551	0.4215176321
25.8302	0.4159041757
26.0065	0.4104163674
26.184	0.4050501655
26.3627	0.3998048952
26.5427	0.3946781597
26.7239	0.3896660562
26.9063	0.3847663314
27.0899	0.3799767454
27.2748	0.3752936673
27.461	0.3707163723
27.6484	0.3662413384
27.8371	0.3618678169
28.0271	0.3575911232
28.2184	0.3534118379
28.4111	0.3493266728
28.605	0.3453336787
28.8002	0.3414297713
28.9968	0.3376131426
29.1947	0.3338842423
29.394	0.3302379034
29.5946	0.3266746157
29.7966	0.3231915815
30	0.3197881723
