1.00000	1602.5538297832
1.00683	1570.988245866
1.0137	1540.0323714805
1.02062	1509.6800685999
1.02758	1479.9204394772
1.0346	1450.7471347744
1.04166	1422.1574982543
1.04877	1394.1343192651
1.05593	1366.6560523047
1.06313	1339.7139442786
1.07039	1313.3062879792
1.0777	1287.4221431459
1.08505	1262.049416807
1.09246	1238.4361028893
1.09992	1215.3680863786
1.10742	1193.2661604036
1.11498	1171.9743431377
1.12259	1151.0579373502
1.13025	1130.4978938824
1.13797	1110.3042899937
1.14574	1090.4685416183
1.15356	1070.9848776935
1.16143	1051.8521011798
1.16936	1033.0621200914
1.17734	1014.6062718901
1.18538	996.4724873946
1.19347	978.6651008025
1.20161	961.1410666744
1.20981	943.9305267132
1.21807	927.0160281071
1.22639	910.3902843149
1.23476	894.070524283
1.24319	878.0325047633
1.25167	862.2845366514
1.26021	846.826095793
1.26882	831.6423272679
1.27748	816.7332304249
1.2862	802.0854220975
1.29497	787.6992879198
1.30381	773.4909192166
1.31271	759.532128209
1.32167	745.8289515882
1.33069	732.3700226302
1.33978	719.1450803285
1.34892	706.1548456346
1.35813	693.4043379375
1.3674	680.8835144483
1.37673	668.5877421123
1.38613	656.4996750327
1.39559	644.616485422
1.40512	632.9434401742
1.41471	621.461553281
1.42436	610.1914170475
1.43408	599.1109193956
1.44387	588.2283737838
1.45373	577.5406011043
1.46365	567.0509381858
1.47364	556.7494738717
1.4837	546.6273095004
1.49383	536.690871425
1.50402	526.7205326198
1.51429	516.8626437524
1.52462	507.17912045
1.53503	497.6659467099
1.54551	488.3313230361
1.55606	479.1543883355
1.56668	470.150165963
1.57737	461.3184481247
1.58814	452.6525439073
1.59898	444.1503182337
1.60989	435.8058049333
1.62088	427.6190598367
1.63194	419.5827668966
1.64308	411.6971391166
1.6543	403.9604280365
1.66559	396.3708286925
1.67696	388.9234598631
1.68841	381.6153012471
1.69993	374.4462875523
1.71153	367.4106732801
1.72321	360.5084611336
1.73498	353.6330491302
1.74682	346.7959521976
1.75874	340.0840007482
1.77075	333.4722801167
1.78283	326.988663303
1.795	320.6032470697
1.80725	314.3359182224
1.81959	308.1911031392
1.83201	302.1668383982
1.84451	3363.0175684038
1.8571	3308.7383780565
1.86978	3255.3354948761
1.88254	3202.7877064197
1.89539	3151.0950055144
1.90833	3100.217635278
1.92135	3050.1660815431
1.93447	3000.9122773323
1.94767	2952.4478745328
1.96097	2904.76439456
1.97435	2857.8532378048
1.98783	2811.642449053
2.00139	2766.0604384206
2.01506	2721.2217197033
2.02881	2676.9318078391
2.04266	2633.3599302686
2.0566	2590.4655325609
2.07064	2548.2446416786
2.08477	2506.4855313123
2.099	2464.7540175491
2.11333	2423.7194884013
2.12775	2383.2221163012
2.14227	2343.3911682274
2.1569	2304.1209202659
2.17162	2265.42128907
2.18644	2227.3302328897
2.20137	2189.6835250401
2.21639	2152.6764225962
2.23152	2116.2140084903
2.24675	2080.3471683355
2.26209	2045.0023210776
2.27753	2010.16338608
2.29307	1975.8979962419
2.30872	1942.0718799644
2.32448	1908.8267968741
2.34035	1876.0705327478
2.35632	1843.8549844932
2.3724	1812.1227386973
2.3886	1780.8233814987
2.4049	1750.0630022681
2.42132	1719.7555195553
2.43784	1689.974227893
2.45448	1660.6192449164
2.47124	1631.7312995435
2.4881	1603.3118008559
2.50509	1575.3191596618
2.52219	1547.812708471
2.5394	1520.7298286594
2.55673	1494.1206353001
2.57418	1467.8942176711
2.59176	1442.0733553875
2.60945	1416.6934657847
2.62726	1391.712906328
2.64519	1367.173614643
2.66324	1343.017384017
2.68142	1319.2803589498
2.69972	1295.8957685116
2.71815	1272.8654364847
2.7367	1250.2391082295
2.75538	1227.9852936481
2.77419	1206.1271257991
2.79313	1184.6123592977
2.81219	1163.4698393714
2.83139	1142.6717035635
2.85071	1122.2059876423
2.87017	1102.1020392194
2.88976	1082.3201914408
2.90948	1062.8924065904
2.92934	1043.7618010319
2.94934	1024.9566699568
2.96947	1006.4776904155
2.98974	988.318080291
3.01014	970.4780574911
3.03069	952.9164006442
3.05138	935.6725146199
3.0722	918.7123327944
3.09317	902.0386072524
3.11429	885.6611460455
3.13554	869.5576560204
3.15694	853.7595300908
3.17849	838.1948635419
3.20019	822.9098090849
3.22203	807.8849571821
3.24402	793.1220456204
3.26617	778.6282128147
3.28846	764.3798968087
3.3109	750.3902029055
3.3335	736.6102668739
3.35626	723.0867125586
3.37917	709.7987720481
3.40223	696.7475822859
3.42545	683.9337131445
3.44883	671.3346804783
3.47237	658.961213543
3.49607	646.7970609542
3.51994	634.8521112007
3.54396	623.1228424372
3.56815	611.6020916792
3.59251	600.2941441306
3.61703	589.1606228606
3.64172	578.23522609
3.66657	567.5014613163
3.6916	556.9634353505
3.7168	546.6153577051
3.74217	536.4519070865
3.76771	526.4765033537
3.79343	516.6596917608
3.81932	507.0248290059
3.84539	497.5668978694
3.87163	488.28125
3.89806	479.1635720686
3.92467	470.2010109322
3.95145	461.4078476247
3.97843	452.765263849
4.00558	444.2845020237
4.03292	435.9558987013
4.06045	427.7800355057
4.08816	419.7553665724
4.11607	411.8633108044
4.14416	404.1204117179
4.17245	396.5185669819
4.20093	389.0596428432
4.2296	381.7347554225
4.25847	374.5416546501
4.28754	367.4835826709
4.3168	360.5461553161
4.34627	353.7406302951
4.37593	347.0583335647
4.4058	340.5008767898
4.43587	334.0627035695
4.46615	327.7377573561
4.49663	321.5341035147
4.52733	315.4395018579
4.55823	309.4605174799
4.58934	303.5905656196
4.62067	297.8291235187
4.65221	292.1738317429
4.68396	286.6191834219
4.71593	281.1697787475
4.74812	275.8202203804
4.78053	270.5722874452
4.81316	265.4209576388
4.84601	260.3658139686
4.87909	255.4056608111
4.91239	250.5348919944
4.94592	245.7564013399
4.97968	241.0660906794
5.01367	236.4647572926
5.04789	231.9453722259
5.08234	227.5069560252
5.11703	223.1530182561
5.15196	218.8806443846
5.18712	214.6899447817
5.22253	210.5781845212
5.25818	206.5449978932
5.29407	202.5858052178
5.3302	198.6989194753
5.36658	194.8861864671
5.40321	191.1446506258
5.44009	187.4748080727
5.47723	183.8715252879
5.51461	180.3361465772
5.55225	176.867186892
5.59015	173.4623430599
5.62831	170.1232883471
5.66672	166.8454693947
5.7054	163.6310381898
5.74434	160.4765511663
5.78355	157.3819202798
5.82303	154.3462356497
5.86277	151.367682697
5.90279	148.4468011199
5.94308	145.5782075246
5.98365	142.7647536666
6.02449	140.0038641067
6.06561	137.2954983552
6.10701	134.6391536044
6.14869	132.0332459713
6.19066	129.478164155
6.23292	126.9705834552
6.27546	124.5116032363
6.31829	122.0999730159
6.36142	119.7326609147
6.40484	117.4050662634
6.44856	115.1244783422
6.49257	112.8903890767
6.53689	110.6997998548
6.5815	108.5495821927
6.62643	106.4410683703
6.67166	104.371495727
6.71719	102.3408420809
6.76304	100.3493159689
6.80921	98.3961428712
6.85568	96.4803951837
6.90248	94.6011144011
6.94959	92.7592156281
6.99702	90.9512592202
7.04478	89.1774274096
7.09287	87.4385744015
7.14128	85.7324119957
7.19002	84.0597496701
7.2391	82.4191674016
7.28851	80.8100398393
7.33826	79.2311410077
7.38835	77.6825734683
7.43878	76.1637825981
7.48955	74.6742336557
7.54067	73.2139457924
7.59214	71.78184063
7.64396	70.3774341795
7.69614	68.9997792007
7.74867	67.6480138543
7.80156	66.3231129416
7.85481	65.0237336628
7.90842	63.7494900041
7.9624	62.4992187598
8.01675	61.273383455
8.07147	60.0716053536
8.12656	58.8924682422
8.18203	57.7370539091
8.23788	56.6030259978
8.2941	55.4917400545
8.35072	54.4016364012
8.40771	53.3324800137
8.4651	52.2843011157
8.52288	51.2562917098
8.58105	50.2487312195
8.63963	49.2598704465
8.6986	48.2905157427
8.75797	47.3399672407
8.81775	46.4080193057
8.87793	45.4942495269
8.93853	44.598258884
8.99954	43.7198606211
9.06097	42.8579387903
9.12281	42.0129231752
9.18508	41.1846348364
9.24778	40.3723949712
9.3109	39.5762178592
9.37445	38.7953274908
9.43844	38.0300437346
9.50286	37.2790748825
9.56772	36.5430294171
9.63303	35.8212376954
9.69878	35.1134691756
9.76498	34.4197348992
9.83163	33.7393299369
9.89874	33.0725015379
9.9663	32.4185888188
10.0343	31.7775066097
10.1028	31.1488635337
10.1718	30.5323001203
10.2412	29.9280231044
10.3111	29.3354924256
10.3815	28.7548020519
10.4523	28.1852900971
10.5237	27.62682786
10.5955	27.0794293823
10.6678	26.5428002654
10.7407	26.0168693381
10.814	25.5009014569
10.8878	24.9951259504
10.9621	24.4994156889
11.0369	24.013524417
11.1122	23.5372205838
11.1881	23.0700198171
11.2645	22.6121562952
11.3413	22.1631696879
11.4188	21.7231214388
11.4967	21.2917717948
11.5752	20.8688538617
11.6542	20.4543734519
11.7337	20.0478341322
11.8138	19.6494151352
11.8944	19.2587314274
11.9756	18.8758666382
12.0574	18.5005661173
12.1397	18.1326950625
12.2225	17.7721538784
12.306	17.4185985344
12.39	17.072158894
12.4745	16.7323970999
12.5597	16.3993571452
12.6454	16.0729842067
12.7317	15.7529930687
12.8186	15.4394372634
12.9061	15.1319582418
12.9942	14.8306341579
13.0829	14.5353273864
13.1722	14.2458665618
13.2621	13.9621514
13.3526	13.683877792
13.4438	13.4111897603
13.5355	13.1439379501
13.6279	12.882082569
13.7209	12.6253380434
13.8146	12.3736495708
13.9089	12.1270183906
14.0038	11.8851655306
14.0994	11.6481965097
14.1956	11.4159812321
14.2925	11.1884231148
14.3901	10.9653330994
14.4883	10.7465753351
14.5872	10.5322360148
14.6868	10.3221331307
14.787	10.1162969497
14.8879	9.9144383966
14.9895	9.7166621322
15.0919	9.5227212128
15.1949	9.3326240539
15.2986	9.1463693487
15.403	8.9637863033
15.5081	8.7848759576
15.614	8.609482484
15.7206	8.4375369142
15.8279	8.269109913
15.9359	8.1039904049
16.0447	7.9421809229
16.1542	7.7835549052
16.2645	7.6281723662
16.3755	7.4758529948
16.4872	7.3265440692
16.5998	7.1802972643
16.7131	7.0369015115
16.8272	6.8964566006
16.942	6.7587661197
17.0576	6.623876425
17.1741	6.4916517359
17.2913	6.3620516344
17.4093	6.2350747897
17.5282	6.1106018943
17.6478	5.9886694374
17.7682	5.8691645831
17.8895	5.7520851309
18.0116	5.637328132
18.1346	5.5248618785
18.2584	5.4147128578
18.383	5.3067007711
18.5085	5.2009111996
18.6348	5.0972036741
18.762	4.9955789127
18.89	4.8960327447
19.019	4.7984644914
19.1488	4.7028946316
19.2795	4.6091870316
19.4111	4.5174463779
19.5436	4.4275018706
19.677	4.3393549115
19.8113	4.2530026198
19.9465	4.1683513753
20.0826	4.0853511564
20.2197	4.0040360684
20.3577	3.9243849508
20.4967	3.8463609579
20.6366	3.769928786
20.7774	3.6950818461
20.9193	3.6217449567
21.0621	3.5499387636
21.2058	3.4795679768
21.3506	3.4106528331
21.4963	3.3431622303
21.643	3.2770446301
21.7907	3.2123044108
21.9395	3.1488723888
22.0892	3.0867627267
22.24	3.0259017187
22.3918	2.9662940013
22.5446	2.907915054
22.6985	2.8507409076
22.8534	2.79475592
23.0094	2.7398836645
23.1665	2.6861646404
23.3246	2.6335402418
23.4838	2.5820111285
23.6441	2.5315366174
23.8055	2.4821040299
23.968	2.4336999297
24.1316	2.3862760492
24.2963	2.3398380832
24.4621	2.294351536
24.6291	2.2498048294
24.7972	2.206175969
24.9664	2.1634438565
25.1369	2.1216017244
25.3084	2.0806155293
25.4812	2.0404831864
25.6551	2.0011766919
25.8302	1.9626738684
26.0065	1.9249796915
26.184	1.8880570948
26.3627	1.8519067232
26.5427	1.81649413
26.7239	1.7818229117
26.9063	1.7478697837
27.0899	1.7146159003
27.2748	1.682060322
27.461	1.6501650165
27.6484	1.6189376855
27.8371	1.5883579714
28.0271	1.5584116046
28.2184	1.5290893967
28.4111	1.5003750938
28.605	1.4722661857
28.8002	1.4447255238
28.9968	1.4177660261
29.1947	1.3913624221
29.394	1.3655064868
29.5946	1.3401933363
29.7966	1.3154069672
30.0000	1.2911439148
