1	3953.3504645187
1.00683	3902.1496942666
1.0137	3851.5905143029
1.02062	3800.7206166289
1.02758	3750.0656261485
1.0346	3699.9626303774
1.04166	3650.287825195
1.04877	3601.2676462115
1.05593	3552.5493093844
1.06313	3504.4681969511
1.07039	3457.0257133573
1.0777	3410.1992238387
1.08505	3364.001816561
1.09246	3318.4335666192
1.09992	3273.4724340886
1.10742	3229.0980483331
1.11498	3185.3321823666
1.12259	3142.1344519332
1.13025	3099.5161655266
1.13797	3057.4681717563
1.14574	3015.9816869592
1.15356	2975.0571210967
1.16143	2934.6942488797
1.16936	2894.8754914051
1.17734	2855.5845238741
1.18538	2816.8141268862
1.19347	2778.572758317
1.20161	2740.852405098
1.20981	2703.6453249917
1.21807	2666.922691245
1.22639	2630.6997398238
1.23476	2594.7539265114
1.24319	2558.9584015722
1.25167	2523.6465683454
1.26021	2488.2430515813
1.26882	2453.3435392425
1.27748	2418.4498703711
1.2862	2383.8186390779
1.29497	2349.6847897855
1.30381	2316.0586240759
1.31271	2282.9121740858
1.32167	2250.2300860263
1.33069	2218.0080070089
1.33978	2186.2272058486
1.34892	2154.8798331261
1.35813	2123.9855314106
1.3674	2093.5349547064
1.37673	2063.5192495393
1.38613	2033.913473253
1.39559	2004.7271466117
1.40512	1975.9643694105
1.41471	1947.6168959661
1.42436	1919.6768799876
1.43408	1892.1261064207
1.44387	1864.9757553152
1.45373	1838.171093289
1.46365	1811.741899249
1.47364	1785.6505124817
1.4837	1759.8786387691
1.49383	1734.4609642215
1.50402	1709.1884260597
1.51429	1684.2814434292
1.52462	1659.7097167705
1.53503	1635.4834489075
1.54551	1611.6139346587
1.55606	1588.0905910397
1.56668	1564.9133898684
1.57737	1542.050958616
1.58814	1519.5259079167
1.59898	1497.3153136426
1.60989	1475.4267671924
1.62088	1453.8581761349
1.63194	1432.6052355991
1.64308	1411.6637304061
1.6543	1390.9985700535
1.66559	1370.6309425418
1.67696	1350.5629146228
1.68841	1330.7888650234
1.69993	1311.305155134
1.71153	1292.1131994532
1.72321	1273.2041455527
1.73498	1254.3714846239
1.74682	1235.7853786817
1.75874	1217.4484714935
1.77075	1199.3585830298
1.78283	1181.5372981787
1.795	1163.9803939143
1.80725	1146.6837904779
1.81959	3428.4969812084
1.83201	3382.8126057129
1.84451	3337.73914901
1.8571	3293.2652725177
1.86978	3249.3907392364
1.88254	4739.5611166406
1.89539	4661.8742599275
1.90833	4585.4521943682
1.92135	4510.2947477618
1.93447	4436.3800913007
1.94767	4363.6490578882
1.96097	4292.1402328057
1.97435	4221.7606430586
1.98783	4152.5480034549
2.00139	4084.500138873
2.01506	4018.0490764514
2.02881	3952.5535472192
2.04266	3887.6772294857
2.0566	3823.8870576719
2.07064	3761.1659614481
2.08477	3699.4698659682
2.099	3638.771841728
2.11333	3579.1108772759
2.12775	3520.4325907568
2.14227	3462.68780753
2.1569	3405.8553465117
2.17162	3349.971525242
2.18644	3295.0231969633
2.20137	3240.9763117041
2.21639	3187.8199774302
2.23152	3135.5236010862
2.24675	3084.0781382037
2.26209	3033.4467842431
2.27753	2983.649600191
2.29307	3417.8452536383
2.30872	3358.3530636576
2.32448	3299.8944033791
2.34035	3242.4475290929
2.35632	3185.9715301584
2.3724	3130.4979370019
2.3886	3076.0523174978
2.4049	3022.526892933
2.42132	2969.9059430788
2.43784	2918.1999375505
2.45448	2867.3999564155
2.47124	2817.5284077302
2.4881	2768.5569450635
2.50509	2720.3852065453
2.52219	2673.0391921006
2.5394	2626.5539349718
2.55673	2580.8915948104
2.57418	2536.0177927008
2.59176	2663.5059729122
2.60945	2618.4796583408
2.62726	2574.2146071234
2.64519	2530.7485954345
2.66324	2488.0263730796
2.68142	2446.0642825694
2.69972	2404.7999807616
2.71815	2364.2059223358
2.7367	2324.3057298785
2.75538	2285.0770756498
2.77419	2246.524626403
2.79313	2208.6220186364
2.81219	2171.3593360852
2.83139	2231.6297815458
2.85071	2195.9006925871
2.87017	2160.741912343
2.88976	2126.0718059492
2.90948	2091.9276695089
2.92934	2058.303505085
2.94934	2025.2180147193
2.96947	1992.5558114883
2.98974	1960.4076079499
3.01014	1928.759344839
3.03069	1897.6160249878
3.05138	1866.8837230142
3.0722	1836.6349908352
3.09317	1806.798984579
3.11429	1777.4333506929
3.13554	1748.5176941248
3.15694	1720.0661193416
3.17849	1692.0588295014
3.20019	1664.4612555031
3.22203	1637.256089774
3.24402	1610.4952756121
3.26617	1584.1709637304
3.28846	1558.2440459495
3.3109	1532.7150360878
3.3335	1507.5770824162
3.35626	1482.8435006969
3.37917	1458.4913365615
3.40223	1434.5349954812
3.42545	1410.9128465026
3.44883	1387.6727479112
3.47237	1364.8318322458
3.49607	1342.3593576542
3.51994	1320.1773262185
3.54396	1298.3606897931
3.56815	1276.9027447025
3.59251	1255.795496215
3.61703	1235.0207421734
3.64172	1214.5768657115
3.66657	1194.4477291757
3.6916	1174.651950627
3.7168	1155.1786079405
3.74217	1136.0060526403
3.76771	1117.1312070603
3.79343	1098.5606658157
3.81932	1080.2950934077
3.84539	1062.327836495
3.87163	1044.6559060144
3.89806	1027.2614647516
3.92467	1010.1540686986
3.95145	993.2952570151
3.97843	976.7246515535
4.00558	960.4118245904
4.03292	944.3673211132
4.06045	928.591326957
4.08816	913.0669004118
4.11607	897.7788950137
4.14416	882.7527762575
4.17245	867.9726762202
4.20093	853.4316486593
4.2296	839.1303253308
4.25847	825.0552787037
4.28754	811.2076448208
4.3168	797.5880936049
4.34627	784.1907151819
4.37593	771.0100231303
4.4058	758.0524117437
4.43587	745.3008779644
4.46615	732.7617791456
4.49663	720.4247624399
4.52733	708.2905407798
4.55823	696.3497346908
4.58934	684.6126461648
4.62067	673.0607437321
4.65221	661.7082660597
4.68396	650.5334374187
4.71593	639.5456667583
4.74812	628.7410090036
4.78053	618.1119153434
4.81316	607.658933194
4.84601	597.3751336627
4.87909	587.2611315347
4.91239	577.313874007
4.94592	567.5304480085
4.97968	557.9111805401
5.01367	548.4560960895
5.04789	539.1533136363
5.08234	530.0034980231
5.11703	521.0070023341
5.15196	512.1612693405
5.18712	503.4536923294
5.22253	494.8927072611
5.25818	486.4759680872
5.29407	478.2011983722
5.3302	470.0595565458
5.36658	462.0559642184
5.40321	454.1841716816
5.44009	446.4465090115
5.47723	438.8332302075
5.51461	431.350558599
5.55225	423.9929108385
5.59015	416.7569640089
5.62831	409.6362839435
5.66672	402.6380847312
5.7054	395.7606123208
5.74434	388.9945657459
5.78355	382.3433825919
5.82303	375.7999842164
5.86277	369.3676057222
5.90279	363.0436124292
5.94308	356.8293570649
5.98365	350.71352667
6.02449	344.7027800279
6.06561	338.7947039612
6.10701	332.9870268254
6.14869	327.2701091119
6.19066	321.6509700993
6.23292	316.1285631641
6.27546	310.6998825554
6.31829	305.3565648608
6.36142	300.1065378209
6.40484	294.9469685351
6.44856	289.87271689
6.49257	284.8808058708
6.53689	279.9755861289
6.5815	275.1553940088
6.62643	270.4164413196
6.67166	265.7581282124
6.71719	261.1743443218
6.76304	256.6669233336
6.80921	252.2373452524
6.85568	247.8836929713
6.90248	243.6017987557
6.94959	239.3930906366
6.99702	235.2570300682
7.04478	231.1924908679
7.09287	227.1952743383
7.14128	223.2666138269
7.19002	219.4026543333
7.2391	215.6050632693
7.28851	211.8675488831
7.33826	208.1958373324
7.38835	204.588929693
7.43878	201.0413944231
7.48955	197.550765608
7.54067	194.1234936017
7.59214	190.7585130755
7.64396	187.4459921235
7.69614	184.1864851325
7.74867	180.9840100627
7.80156	177.8375311883
7.85481	174.7463556648
7.90842	171.7091933102
7.9624	168.7191349433
8.01675	165.7805695226
8.07147	162.8897952801
8.12656	160.0491671041
8.18203	157.2579250131
8.23788	154.514846559
8.2941	151.8180976281
8.35072	149.1675703735
8.40771	146.5600881705
8.4651	143.9980185873
8.52288	141.4799367302
8.58105	139.0053058325
8.63963	136.5734006913
8.6986	134.1837001692
8.75797	131.8360276223
8.81775	129.5278063818
8.87793	127.2585205942
8.93853	125.0253176268
8.99954	122.8296009512
9.06097	120.6729690136
9.12281	118.5542077259
9.18508	116.4675847418
9.24778	114.4168687078
9.3109	112.4052704583
9.37445	110.4289058704
9.43844	108.4823428715
9.50286	106.5702703048
9.56772	104.692309303
9.63303	102.8471167325
9.69878	101.0338796909
9.76498	99.2654357753
9.83163	97.5524100323
9.89874	95.8690045921
9.9663	94.217850514
10.0343	92.5951646805
10.1028	91.0009191093
10.1718	89.4334391629
10.2412	226.3201252908
10.3111	222.0263456462
10.3815	217.8141479002
10.4523	213.6811492627
10.5237	209.6260271675
10.5955	205.6487601436
10.6678	201.7475371669
10.7407	197.9202539713
10.814	194.164954779
10.8878	190.4809071463
10.9621	186.8666388858
11.0369	183.3210813744
11.1122	179.8428533148
11.1881	176.4315657243
11.2645	173.0843457325
11.3413	169.7997551488
11.4188	166.5775476787
11.4967	163.4176513942
11.5752	224.5515705137
11.6542	220.4906357627
11.7337	216.5050456501
11.8138	212.5913611374
11.8944	208.7460416532
11.9756	204.9696952306
12.0574	201.2623172538
12.1397	226.8149734173
12.2225	222.9619604599
12.306	219.1747195112
12.39	215.451770044
12.4745	211.7827447891
12.5597	208.1763336817
12.6454	204.6245140168
12.7317	201.1283299309
12.8186	197.6897970319
12.9061	194.3026574774
12.9942	190.9738136707
13.0829	187.6940287022
13.1722	184.4691715121
13.2621	181.2960491965
13.3526	178.1743542961
13.4438	175.1052820508
13.5355	172.0817939183
13.6279	169.1108826235
13.7209	166.1852832961
13.8146	163.3084995542
13.9089	160.47912648
14.0038	157.6956253657
14.0994	154.9594780965
14.1956	152.2656365389
14.2925	149.6183982752
14.3901	147.0129900678
14.4883	144.4516830788
14.5872	141.9329565486
14.6868	139.4552320814
14.787	137.0212136243
14.8879	134.6237468212
14.9895	132.26830891
15.0919	129.9518138674
15.1949	127.6742977594
15.2986	125.4355750343
15.403	123.2326891961
15.5081	121.0684533142
15.614	118.9391578632
15.7206	116.8471370699
15.8279	114.7896078672
15.9359	112.7669051687
16.0447	110.7788975063
16.1542	108.823282959
16.2645	106.902365001
16.3755	105.0130058608
16.4872	103.1566981191
16.5998	101.3317012174
16.7131	99.5371522421
16.8272	97.7736930102
16.942	96.040260077
17.0576	94.3378426822
17.1741	92.6629477937
17.2913	91.0174844588
17.4093	89.3998587482
17.5282	87.8094184382
17.6478	86.2477899004
17.7682	84.712021483
17.8895	83.2036742743
18.0116	81.72137913
18.1346	80.2639077286
18.2584	78.8320247217
18.383	77.4245497762
18.5085	76.0427360176
18.6348	74.6831567077
18.762	73.348736568
18.89	72.0367675662
19.019	70.747875795
19.1488	69.4815977988
19.2795	68.237028141
19.4111	67.014247229
19.5436	65.8128545668
19.677	64.632885212
19.8113	63.4731223064
19.9465	62.3340356301
20.0826	61.2144955926
20.2197	60.1145783864
20.3577	59.0346651554
20.4967	57.973030946
20.6366	56.9304253272
20.7774	55.9062117392
20.9193	54.8995064534
21.0621	53.9112620626
21.2058	52.9397439834
21.3506	51.9858598461
21.4963	51.0487975456
21.643	50.128328521
21.7907	49.2239838939
21.9395	48.3357984591
22.0892	47.4635479951
22.24	46.6063580394
22.3918	45.7647053439
22.5446	44.9377612007
22.6985	44.1257584115
22.8534	43.3281195163
23.0094	42.5443205459
23.1665	41.774933369
23.3246	41.0189097174
23.4838	40.276619825
23.6441	39.5475757336
23.8055	38.8314830132
23.968	38.1282099187
24.1316	37.4373392534
24.2963	36.7588947336
24.4621	36.0926136466
24.6291	35.4383726699
24.7972	34.7956797684
24.9664	34.164440284
25.1369	33.5446647211
25.3084	32.9357982485
25.4812	32.3380751731
25.6551	31.7510715987
25.8302	31.1745964448
26.0065	30.6083720019
26.184	30.052321091
26.3627	29.5064456831
26.5427	28.9702244034
26.7239	28.4438376426
26.9063	27.9267982764
27.0899	27.4191204495
27.2748	26.9205091207
27.461	26.4309030118
27.6484	25.9501653026
27.8371	25.4780964805
28.0271	25.0146335606
28.2184	24.5594042871
28.4111	24.1124217552
28.605	23.6735698796
28.8002	23.2426251151
28.9968	22.8196404081
29.1947	22.404093676
29.394	21.9961506736
29.5946	21.5955202253
29.7966	21.2021176675
30	20.8159866778

