1.00000 3659.9068187724
1.00683	3600.2563382513
1.0137	3541.5781272135
1.02062	3483.859279956
1.02758	3427.0870103121
1.0346	3370.9304442212
1.04166	3315.1002817835
1.04877	3260.2068927294
1.05593	3208.2130253449
1.06313	3157.1237339934
1.07039	3106.8347257131
1.0777	3057.3466511354
1.08505	3008.6408164248
1.09246	2960.7259700079
1.09992	2913.5661466922
1.10742	2867.1533181565
1.11498	2821.479358057
1.12259	2776.5360491558
1.13025	2732.3076250509
1.13797	2688.786416251
1.14574	2645.9646393286
1.15356	2603.8276266111
1.16143	2562.3549066534
1.16936	2521.5338995018
1.17734	2481.3711064186
1.18538	2441.8414414678
1.19347	2402.9450494526
1.20161	2364.6699393699
1.20981	2327.0046563363
1.21807	2289.9382403657
1.22639	2253.4601881189
1.23476	2217.5653350187
1.24319	2182.243520919
1.25167	2147.4849729739
1.26021	2113.2892078547
1.26882	2079.6333190532
1.27748	2046.5131508935
1.2862	2013.9161606702
1.29497	1981.8384326036
1.30381	1950.2719654256
1.31271	1919.2052954713
1.32167	1888.6347625892
1.33069	1858.5529678303
1.33978	1828.9493417611
1.34892	1799.8138992428
1.35813	1771.1434679343
1.3674	1742.9315411349
1.37673	1715.1687811839
1.38613	1687.8491737978
1.39559	1660.9667823253
1.40512	1634.5103987552
1.41471	1608.4799060648
1.42436	1582.8595307138
1.43408	1557.6445299418
1.44387	1532.8301562874
1.45373	1508.4162082338
1.46365	1484.3908876212
1.47364	1460.7496567238
1.4837	1437.4796955993
1.49383	1414.6152388012
1.50402	1392.5074742839
1.51429	1370.7436695631
1.52462	1349.7298515702
1.53503	1329.1968726656
1.54551	1308.9741961917
1.55606	1289.0601333662
1.56668	1269.4495539789
1.57737	1250.1359522848
1.58814	1231.1162161397
1.59898	1212.3857326447
1.60989	1193.9400379434
1.62088	1175.7748062029
1.63194	1157.8831580105
1.64308	1140.2651572597
1.6543	1122.9167087761
1.66559	1105.8313806194
1.67696	1089.0066952132
1.68841	1072.4389621365
1.69993	1056.122341212
1.71153	1040.0556637791
1.72321	1024.2333613291
1.73498	1008.6501839778
1.74682	993.3051234678
1.75874	978.1960109167
1.77075	963.3076130201
1.78283	948.6495972982
1.795	934.2214665409
1.80725	920.0055200331
1.81959	906.0022650057
1.83201	892.2198429693
1.84451	878.2407082133
1.8571	863.9308855292
1.86978	849.8126163181
1.88254	835.3660574064
1.89539	821.1596416459
1.90833	807.1937103466
1.92135	793.4681700244
1.93447	779.9764447114
1.94767	766.7124138407
1.96097	753.6760549581
1.97435	740.8559850051
1.98783	728.2631651774
2.00139	715.8759816449
2.01506	703.7050068611
2.02881	691.7399334546
2.04266	679.9760648425
2.0566	668.413453826
2.07064	657.0474913927
2.08477	2513.080584442
2.099	2459.0022844131
2.11333	2406.0671388975
2.12775	2354.2761895569
2.14227	2303.6166781848
2.1569	3076.8852075667
2.17162	3037.7132094959
2.18644	2999.0493013715
2.20137	2960.8837645861
2.21639	2923.2073430969
2.23152	2886.0028860029
2.24675	2849.2707291569
2.26209	2813.0028242548
2.27753	2771.3421055549
2.29307	2728.3789609242
2.30872	2684.2250776412
2.32448	2637.9447245063
2.34035	2592.4600890769
2.35632	2547.7642095179
2.3724	2510.5001669483
2.3886	2774.4099523634
2.4049	2733.2336614125
2.42132	2692.6743102715
2.43784	2652.716912662
2.45448	2613.3474105647
2.47124	2574.5658638312
2.4881	2536.3587019931
2.50509	2498.731893564
2.52219	2461.6596509367
2.5394	2425.1360501324
2.55673	2389.1437308869
2.57418	2353.6832789633
2.59176	2318.7599271909
2.60945	2284.3567251462
2.62726	2250.4579681965
2.64519	2217.0638536561
2.66324	2184.1643714739
2.68142	2151.7500182899
2.69972	2119.8162543271
2.71815	2088.3628070938
2.7367	2057.376104811
2.75538	2026.8476236225
2.77419	1996.7732144854
2.79313	1966.9048588451
2.81219	1935.0594063238
2.83139	1903.7284521736
2.85071	1870.8408868534
2.87017	1837.7657179508
2.88976	1805.2789968426
2.90948	1773.3672164696
2.92934	1742.0176396706
2.94934	1711.2270182212
2.96947	1680.9802131819
2.98974	1651.268587092
3.01014	1622.0784339806
3.03069	1593.4096576559
3.05138	1565.2416185225
3.0722	1537.5721121321
3.09317	1510.3914934751
3.11429	1483.6927331697
3.13554	1457.4646236899
3.15694	1431.7048168277
3.17849	1406.3965728928
3.20019	1381.5360470385
3.22203	1357.1135822642
3.24402	1333.1235885554
3.26617	1309.5570161482
3.28846	1286.4102336507
3.3109	1263.6697474935
3.3335	1241.3817074957
3.35626	1219.7799516967
3.37917	1198.5550220654
3.40223	1177.7966486974
3.42545	1157.4234827336
3.44883	1137.4015152463
3.47237	1117.7255626072
3.49607	1098.3893218984
3.51994	1079.3913959553
3.54396	1060.7220971749
3.56815	1042.3746127578
3.59251	1024.3435238442
3.61703	1006.6245964694
3.64172	989.2077435182
3.66657	972.1007096335
3.6916	955.2831937028
3.7168	938.764398299
3.74217	922.5262458717
3.76771	906.5689989665
3.79343	890.8051096581
3.81932	875.1203290452
3.84539	859.712168366
3.87163	844.3521286117
3.89806	829.2424041396
3.92467	814.4118317751
3.95145	799.8400319936
3.97843	785.5336129833
4.00558	771.4799299496
4.03292	757.67907745
4.06045	744.1306693455
4.08816	730.8178582652
4.11607	717.7462766912
4.14416	704.9054369356
4.17245	692.3913118738
4.20093	680.7815372047
4.2296	669.3664446601
4.25847	658.1458714509
4.28754	647.1109730608
4.3168	636.2658827871
4.34627	625.5982283058
4.37593	615.1120734198
4.4058	604.7996903426
4.43587	594.6611323537
4.46615	584.689325327
4.49663	574.8877531662
4.52733	565.2495859547
4.55823	555.774777829
4.58934	546.4570457439
4.62067	537.2964318144
4.65221	528.2899255111
4.68396	519.4346473298
4.71593	510.7252298264
4.74812	502.1643282548
4.78053	493.746698069
4.81316	485.469886303
4.84601	477.329247395
4.87909	469.3293283897
4.91239	461.2801446575
4.94592	453.2125974974
4.97968	445.2518344376
5.01367	437.2731645459
5.04789	429.4370509699
5.08234	421.7416242113
5.11703	414.1832926743
5.15196	406.7603571356
5.18712	399.4711002633
5.22253	392.3122491654
5.25818	385.2822192256
5.29407	378.3779693211
5.3302	371.59663928
5.36658	364.9381977162
5.40321	358.3985319996
5.44009	351.9751083203
5.47723	345.6679168323
5.51461	339.4732732692
5.55225	333.3911211277
5.59015	327.4169097737
5.62831	321.5496118896
5.66672	315.7871468316
5.7054	310.1284862318
5.74434	304.5706923806
5.78355	299.1137260298
5.82303	293.7539105989
5.86277	288.4895552357
5.90279	283.3198284215
5.94308	278.2430620092
5.98365	273.2576409668
6.02449	268.3612786878
6.06561	263.5525299725
6.10701	258.8299849361
6.14869	254.1916198107
6.19066	249.6374016741
6.23292	245.16413739
6.27546	240.7718181402
6.31829	236.4580476132
6.36142	232.2206095791
6.40484	228.0595326604
6.44856	223.973194888
6.49257	219.960055254
6.53689	216.01818009
6.5815	212.1349687525
6.62643	208.3220492223
6.67166	204.5776290271
6.71719	200.900435753
6.76304	197.2892457632
6.80921	193.7432553129
6.85568	190.2605618394
6.90248	186.8408022944
6.94959	183.4828718739
6.99702	180.1847253805
7.04478	176.9460526875
7.09287	173.765569395
7.14128	170.6423489943
7.19002	167.575203562
7.2391	164.5635445671
7.28851	161.6057143781
7.33826	158.7011894654
7.38835	155.849175402
7.43878	153.0484183976
7.48955	150.2977398226
7.54067	147.5966832073
7.59214	144.9441312846
7.64396	142.3392313966
7.69614	139.7813540061
7.74867	137.2691133513
7.80156	134.8021374227
7.85481	132.3800206778
7.90842	130.0011440101
7.9624	127.6651700053
8.01675	125.3710984514
8.07147	123.0770745564
8.12656	120.7679877879
8.18203	118.4964693977
8.23788	116.1723533034
8.2941	113.8937894856
8.35072	111.6599819557
8.40771	109.47015351
8.4651	107.3233136288
8.52288	105.2184123804
8.58105	103.1547827199
8.63963	101.1319701418
8.6986	99.1483159659
8.75797	97.2044014153
8.81775	95.2989050156
8.87793	93.4300022423
8.93853	91.5977393678
8.99954	89.802076224
9.06097	88.0405690942
9.12281	86.3147900393
9.18508	84.6224147852
9.24778	82.9634545982
9.3109	81.336521725
9.37445	79.7416370958
9.43844	78.1781367023
9.50286	76.6459722542
9.56772	75.1433359133
9.63303	73.6702519523
9.69878	72.2261545351
9.76498	70.8140070106
9.83163	69.457950157
9.89874	68.1282446076
9.9663	66.8507290072
10.0343	65.6056053429
10.1028	64.3836233816
10.1718	63.1847648895
10.2412	62.0081974837
10.3111	60.8531613217
10.3815	59.7200324877
10.4523	58.6073716352
10.5237	57.5158887643
10.5955	56.4442387366
10.6678	55.3924555476
10.7407	54.3605299064
10.814	53.3478439469
10.8878	52.3541022057
10.9621	51.3784847457
11.0369	50.4212697084
11.1122	49.4816794082
11.1881	48.5597187421
11.2645	47.6549022598
11.3413	46.766778751
11.4188	45.8951387869
11.4967	45.039770117
11.5752	44.2004579167
11.6542	43.3769850393
11.7337	42.5684074307
11.8138	41.7751078842
11.8944	40.9965439913
11.9756	40.2323822398
12.0574	39.4827756391
12.1397	38.74722473
12.2225	38.0252715955
12.306	37.3164961303
12.39	36.6209149369
12.4745	35.9385163862
12.5597	35.2690144074
12.6454	34.6118968012
12.7317	33.9669297971
12.8186	33.3340000133
12.9061	32.7129860741
12.9942	32.1036562854
13.0829	31.5055890915
13.1722	30.9184957533
13.2621	30.3423834549
13.3526	29.7771478257
13.4438	29.2225060052
13.5355	28.6780289017
13.6279	28.1438827864
13.7209	27.6196552515
13.8146	27.1052660111
13.9089	26.6004846608
14.0038	26.105093887
14.0994	25.618888294
14.1956	25.1418629618
14.2925	24.6737513231
14.3901	24.2143062964
14.4883	23.7634114754
14.5872	23.3209499089
14.6868	22.886908917
14.787	22.4610581404
14.8879	22.0429882357
14.9895	21.632660125
15.0919	21.2300252
15.1949	20.8348959505
15.2986	20.4471798227
15.403	20.0666614493
15.5081	19.6932578163
15.614	19.3268086027
15.7206	18.9671981276
15.8279	18.6143479394
15.9359	18.2681434634
16.0447	17.9283761373
16.1542	17.5950086479
16.2645	17.2678765692
16.3755	16.9467685054
16.4872	16.6316570286
16.5998	16.32245333
16.7131	16.0190434388
16.8272	15.7212929191
16.942	15.4291224687
17.0383	15
17.0384	104
17.0576	103.5211690439
17.1741	101.7758874603
17.2913	100.0603363828
17.4093	98.3719443215
17.5282	96.7061872619
17.6478	95.068782264
17.7682	93.4527035867
17.8895	91.8627937313
18.0116	90.2967150055
18.1346	88.753982835
18.2584	87.2371979412
18.383	85.7397626723
18.5085	84.2687160818
18.6348	82.8184784589
18.762	81.3921310088
18.89	79.9872020477
19.019	78.6039930828
19.1488	77.2445330182
19.2795	75.9036327479
19.4111	74.5856765667
19.5436	73.2879924953
19.677	72.0113489886
19.8113	70.7553844848
19.9465	69.5183076463
20.0826	68.3027450873
20.2197	67.1046362593
20.3577	65.9274007463
20.4967	64.7685173191
20.6366	63.628207657
20.7774	62.5074227565
20.9193	61.4035626347
21.0621	60.3194518168
21.2058	59.2515346147
21.3506	58.2017972715
21.4963	57.1693183702
21.643	56.1539066273
21.7907	55.1559811146
21.9395	54.173528647
22.0892	53.2081876759
22.24	52.2580712591
22.3918	51.3244268345
22.5446	50.4065286536
22.6985	49.5034800947
22.8534	48.6166142418
23.0094	47.743407829
23.1665	46.8860621803
23.3246	46.042423489
23.4838	45.2134754242
23.6441	44.3986644882
23.8055	43.5973004552
23.968	42.810235071
24.1316	42.0357051279
24.2963	41.2752398091
24.4621	40.5275060183
24.6291	39.7926009638
24.7972	39.0705888328
24.9664	38.3606205214
25.1369	37.6635066985
25.3084	36.9775989705
25.4812	36.3040976435
25.6551	35.6422374771
25.8302	34.9917069654
26.0065	34.3529282436
26.184	33.7246517087
26.3627	33.1078687472
26.5427	32.5015113203
26.7239	31.9060685342
26.9063	31.3208634536
27.0899	30.7459584438
27.2748	30.1813901548
27.461	29.6264694729
27.6484	29.0817721269
27.8371	28.5462263316
28.0271	28.0203091201
28.2184	27.5038092776
28.4111	26.9963096045
28.605	26.4982087211
28.8002	26.0083434766
28.9968	25.5276566632
29.1947	25.0552468192
29.394	24.5914741359
29.5946	24.1360500871
29.7966	23.688599151
30	    23.2494338763
