1.00000	4436.3997728563
1.00683	4368.7008794195
1.0137	4302.0374449339
1.02062	4235.9957978922
1.02758	4169.8983378785
1.0346	4104.2984317476
1.04166	4034.2101016621
1.04877	3965.3271791456
1.05593	3897.6173864916
1.06313	3831.0800197684
1.07039	3765.6557136294
1.0777	3701.3595093478
1.08505	3641.0639188771
1.09246	3583.7798125683
1.09992	3528.5566086337
1.10742	3475.7824855321
1.11498	3423.8015838506
1.12259	3372.5902842419
1.13025	3322.137729186
1.13797	3272.454766494
1.14574	3223.5291842215
1.15356	3173.0619730734
1.16143	3123.1748946709
1.16936	3073.7452971697
1.17734	3024.9772370463
1.18538	2976.9790212288
1.19347	2929.7418604447
1.20161	2881.7447235254
1.20981	2832.4118553431
1.21807	2783.1275674352
1.22639	2732.2553675157
1.23476	2682.3098979918
1.24319	2633.2767178839
1.25167	2585.148322885
1.26021	2537.3047226853
1.26882	2490.2878772786
1.27748	2442.288717603
1.2862	2394.5500041905
1.29497	2347.7595330776
1.30381	2301.8880085446
1.31271	2257.3363431151
1.32167	2214.2754337212
1.33069	2173.6059035136
1.33978	2138.7949601436
1.34892	2104.5409680468
1.35813	2070.8306930242
1.3674	2037.6558806749
1.37673	2005.0125313283
1.38613	1972.8924576321
1.39559	1941.2763892259
1.40512	1910.1612940197
1.41471	1879.5508625259
1.42436	1849.4338882868
1.43408	1819.8064089942
1.44387	1790.6641931625
1.45373	1761.9810305122
1.46365	1733.7272361614
1.47364	1705.9227933462
1.4837	1678.5310838779
1.49383	1651.5794880434
1.50402	1624.9276907178
1.51429	1598.6852412576
1.52462	1572.8636972049
1.53503	1547.4606171273
1.54551	1522.4523662716
1.55606	1497.8401145548
1.56668	1473.628677993
1.57737	1449.8111620961
1.58814	1426.3788804638
1.59898	1403.3196930659
1.60989	1380.6376613103
1.62088	1358.3449924612
1.63194	1336.4124275665
1.64308	1314.8258447427
1.6543	1293.5874283999
1.66559	1272.6759028999
1.67696	1252.0956951698
1.68841	1231.8654014588
1.69993	1211.9713683884
1.71153	1192.3939574244
1.72321	1173.1209827938
1.73498	1154.1293594351
1.74682	1135.3250719512
1.75874	1116.8280297032
1.77075	1098.6065274806
1.78283	1080.6815209944
1.795	1063.0189525649
1.80725	1045.6411924074
1.81959	1028.5430995558
1.83201	1011.7238560438
1.84451	995.1833127662
1.8571	978.9141883822
1.86978	962.9087547664
1.88254	947.1670234329
1.89539	931.6885924049
1.90833	916.4558818139
1.92135	901.477521658
1.93447	886.7449366864
1.94767	872.2502311463
1.96097	857.9934964093
1.97435	843.9673215853
1.98783	830.1717625377
2.00139	816.6198471288
2.01506	803.4387177118
2.02881	790.4138606975
2.04266	777.399443382
2.0566	764.5961403187
2.07064	751.9927808693
2.08477	739.5847970949
2.099	727.3732370291
2.11333	715.3536350695
2.12775	703.5267797469
2.14227	691.8835144915
2.1569	680.4341169666
2.17162	669.1514490475
2.18644	658.0549212637
2.20137	647.1277235988
2.21639	636.3833063931
2.23152	2359.8040418724
2.24675	2316.5092984683
2.26209	2274.02450034
2.27753	2232.3172569286
2.29307	2191.3773683311
2.30872	2963.6742447817
2.32448	2916.1320424589
2.34035	2869.3498913951
2.35632	2823.3274608122
2.3724	2778.0555833361
2.3886	2733.5250445565
2.4049	2689.70488558
2.42132	2646.5808821583
2.43784	2604.1531033693
2.45448	2562.4205649625
2.47124	2521.3304556548
2.4881	2480.8970923886
2.50509	2441.1380585629
2.52219	2402.0330807996
2.5394	2699.6528246468
2.55673	2655.9648987679
2.57418	2612.9991481623
2.59176	2570.7205215478
2.60945	2528.9565525264
2.62726	2487.853057447
2.64519	2447.2495362462
2.66324	2407.2834768877
2.68142	2367.8727031635
2.69972	2329.0587342032
2.71815	2290.7723109769
2.7367	2253.0590909808
2.75538	2215.8651513104
2.77419	2179.2379640687
2.79313	2143.1403435454
2.81219	2107.5837184943
2.83139	2072.573224012
2.85071	2038.0836307237
2.87017	2004.1244881967
2.88976	1970.6297344379
2.90948	1937.6465345192
2.92934	1905.1574517376
2.94934	1873.1958782198
2.96947	1841.7325546488
2.98974	1810.790500593
3.01014	1780.2115247334
3.03069	1750.1426366249
3.05138	1720.5603520955
3.0722	1691.4520777797
3.09317	1662.7287706947
3.11429	1634.4890260407
3.13554	1606.7122008904
3.15694	1579.3771252494
3.17849	1552.4334394163
3.20019	1525.9161600625
3.22203	1499.8012763309
3.24402	1474.1283110765
3.26617	1448.888991921
3.28846	1424.0186375559
3.3109	1399.5331157526
3.3335	1375.4401408451
3.35626	1351.7532239314
3.37917	1328.4728938391
3.40223	1305.597225867
3.42545	1283.0283574928
3.44883	1260.8400725235
3.47237	1238.9393687852
3.49607	1217.4232749417
3.51994	1196.3253670027
3.54396	1175.5757676216
3.56815	1155.0825364226
3.59251	1134.9526838226
3.61703	1115.1927164533
3.64172	1095.7559181777
3.66657	1076.6198014067
3.6916	1057.7980875011
3.7168	1039.2817316097
3.74217	1021.0749877471
3.76771	1003.1770617546
3.79343	985.571237089
3.81932	968.2697986967
3.84539	951.2485136742
3.87163	934.509569378
3.89806	918.0544589905
3.92467	901.8840357507
3.95145	885.9671660568
3.97843	870.3371686191
4.00558	854.956610952
4.03292	839.8491630903
4.06045	824.9804067153
4.08816	810.3727714749
4.11607	796.0135640711
4.14416	781.8975088745
4.17245	768.0255598906
4.20093	754.3867590036
4.2296	740.9767555592
4.25847	727.7914440838
4.28754	714.8371600949
4.3168	702.1091358441
4.34627	689.598102226
4.37593	677.295693754
4.4058	665.2120696078
4.43587	653.3300231279
4.46615	641.6549564637
4.49663	630.1832572912
4.52733	618.9114585267
4.55823	607.8288354
4.58934	596.947211958
4.62067	586.2455078938
4.65221	575.7350697503
4.68396	565.3997941945
4.71593	555.2501679632
4.74812	545.2741092947
4.78053	535.4723669485
4.81316	525.8397661065
4.84601	516.3768931668
4.87909	507.0813916342
4.91239	497.9484523762
4.94592	488.9736443206
4.97968	480.1597971805
5.01367	471.5001720976
5.04789	462.9908281517
5.08234	454.6301810792
5.11703	446.4146209717
5.15196	438.3465567878
5.18712	430.4148338168
5.22253	422.6274750122
5.25818	414.9773629849
5.29407	407.4680748763
5.3302	400.0848179814
5.36658	392.8346951603
5.40321	385.7116959358
5.44009	378.7175865086
5.47723	371.8425915941
5.51461	365.0914188913
5.55225	358.4601983719
5.59015	351.9478554057
5.62831	345.5532480278
5.66672	339.2682662035
5.7054	333.093506009
5.74434	327.0314375321
5.78355	321.0788248515
5.82303	315.2336669556
5.86277	309.4940391448
5.90279	303.8553162526
5.94308	298.3177860047
5.98365	292.8772258669
6.02449	287.5347917098
6.06561	282.2881145412
6.10701	277.1365146758
6.14869	272.0747879177
6.19066	267.1054318561
6.23292	262.2276765579
6.27546	257.4367027507
6.31829	252.7256460931
6.36142	248.1014040058
6.40484	243.5626394396
6.44856	239.1074596745
6.49257	234.7340697724
6.53689	230.4365158921
6.5815	226.2131244331
6.62643	222.0677617568
6.67166	217.998857686
6.71719	214.0049092726
6.76304	210.0844749674
6.80921	206.2319160389
6.85568	202.4488209381
6.90248	198.7332741108
6.94959	195.0857889757
6.99702	191.506312048
7.04478	187.992540456
7.09287	184.5382760065
7.14128	181.1479344607
7.19002	177.8220357067
7.2391	174.5563214699
7.28851	171.3458358678
7.33826	168.1958472445
7.38835	165.1061384811
7.43878	162.0706141666
7.48955	159.0877273364
7.54067	156.1589885895
7.59214	153.2832505859
7.64396	150.4619180885
7.69614	147.6939073309
7.74867	144.9741800985
7.80156	142.3031769184
7.85481	139.6839232185
7.90842	137.1132720163
7.9624	134.5867849236
8.01675	132.1063297427
8.07147	129.6685542086
8.12656	127.276013308
8.18203	124.9286345175
8.23788	122.6246080611
8.2941	120.3625802367
8.35072	118.1428417843
8.40771	115.9652892696
8.4651	113.8265056401
8.52288	111.7237295615
8.58105	109.6597040065
8.63963	107.6337052795
8.6986	105.6452601198
8.75797	103.6935647774
8.81775	101.7785806977
8.87793	99.8991019071
8.93853	98.0536353385
8.99954	96.2417592994
9.06097	94.4626022558
9.12281	92.7162142115
9.18508	91.0025753729
9.24778	89.3200067883
9.3109	87.6677742029
9.37445	86.0459313181
9.43844	84.4544663745
9.50286	82.8919337859
9.56772	81.3583591646
9.63303	79.8530703506
9.69878	78.375434004
9.76498	76.924852112
9.83163	75.5007587826
9.89874	74.1037155603
9.9663	72.7315043784
10.0343	71.3847208144
10.1028	70.0628463732
10.1718	68.7649133906
10.2412	67.4909562119
10.3111	66.2405193257
10.3815	65.0131651659
10.4523	63.8076581951
10.5237	62.6248583113
10.5955	61.4639483211
10.6678	60.3245460578
10.7407	59.2062806022
10.814	58.108791279
10.8878	57.0310762334
10.9621	55.9731776533
11.0369	54.9350941862
11.1122	53.9162034366
11.1881	52.9159324581
11.2645	51.9342927328
11.3413	50.9702181016
11.4188	50.024261767
11.4967	49.09565798
11.5752	48.1844113792
11.6542	47.290044027
11.7337	46.4118962973
11.8138	45.5502008764
11.8944	44.7039258988
11.9756	43.8735039135
12.0574	43.0587191753
12.1397	42.2591755235
12.2225	41.4739854426
12.306	40.7031882807
12.39	39.9466313006
12.4745	39.2041556405
12.5597	38.4753007807
12.6454	37.7600724993
12.7317	37.0578992618
12.8186	36.3689263893
12.9061	35.6928699923
12.9942	35.0289689573
13.0829	34.3776105498
13.1722	33.7379639813
13.2621	33.110280411
13.3526	32.4941185645
13.4438	31.8893821113
13.5355	31.2957700637
13.6279	30.7131910084
13.7209	30.1414538429
13.8146	29.580372831
13.9089	29.0296828507
14.0038	28.4889733429
14.0994	27.9583420703
14.1956	27.4374768496
14.2925	26.9263805828
14.3901	26.4245473475
14.4883	25.9321304282
14.5872	25.4487894011
14.6868	24.974463611
14.787	24.5088427905
14.8879	24.0517593862
14.9895	23.6031090015
15.0919	23.1627857419
15.1949	22.7306823296
15.2986	22.3064911889
15.403	21.8902684623
15.5081	21.4816772034
15.614	21.080724418
15.7206	20.6871013854
15.8279	20.3008587263
15.9359	19.9217076888
16.0447	19.5495777291
16.1542	19.1843210381
16.2645	18.8257973666
16.3755	18.4739074531
16.4872	18.1284874678
16.5998	17.7895425953
16.7131	17.4568510285
16.8272	17.1304155668
16.942	16.8098586459
17.0576	16.4953623289
17.1741	16.186572914
17.2913	15.8836301719
17.4093	15.5862049617
17.5282	15.2943317677
17.6478	15.0078716287
17.7682	14.7267597005
17.8895	14.4509297006
17.9975	14.000000000
17.9976	96.500000000
18.0116	96.2389806367
18.1346	94.5912711175
18.2584	92.9713648196
18.383	91.3784438251
18.5085	89.8077216679
18.6348	88.2635903863
18.762	86.7415535412
18.89	85.2456780441
19.019	83.7717387662
19.1488	82.3214653221
19.2795	80.8937137495
19.4111	79.4893603491
19.5436	78.107303814
19.677	76.7465598355
19.8113	75.4085256879
19.9465	74.0905386382
20.0826	72.7950382902
20.2197	71.5189918683
20.3577	70.2656745153
20.4967	69.0302628672
20.6366	67.8168402778
20.7774	66.6218079826
20.9193	65.4471677738
21.0621	64.2913168148
21.2058	63.1548367132
21.3506	62.0370485254
21.4963	60.9373381352
21.643	59.8562253467
21.7907	58.7924040214
21.9395	57.747389818
22.0892	56.7186019999
22.24	55.7081339446
22.3918	54.7129757293
22.5446	53.7357063021
22.6985	52.7743474452
22.8534	51.8293156975
23.0094	50.9001694976
23.1665	49.9867535103
23.3246	49.0889098335
23.4838	48.2060132181
23.6441	47.3386226354
23.8055	46.485466319
23.968	45.6475099283
24.1316	44.8231502606
24.2963	44.0135033428
24.4621	43.2170793898
24.6291	42.4349154484
24.7972	41.6657986292
24.9664	40.9103368148
25.1369	40.1675791402
25.3084	39.4377750785
25.4812	38.7208190228
25.6551	38.0158754296
25.8302	37.3235993386
26.0065	36.643056324
26.184	35.9748463874
26.3627	35.3174687264
26.5427	34.672260458
26.7239	34.0380340993
26.9063	33.4152005747
27.0899	32.8030178776
27.2748	32.2017633686
27.461	31.6110575479
27.6484	31.0307483686
27.8371	30.4607802224
28.0271	29.9008189834
28.2184	29.3509047416
28.4111	28.8103901791
28.605	28.2799031696
28.8002	27.7584239877
28.9968	27.2466200568
29.1947	26.7435454453
29.394	26.2496817226
29.5946	25.7645634195
29.7966	25.2882864657
30	    24.8204242307
