peak_X peak_Y peak_Itot peak_Isub peak_fwaxmaj peak_fwaxmin peak_inclination Xdev Ydev peak_bkg Ipixmax
623.12   1657.73   29330.04   29239.30   0.75   0.86    285.480   0.12   -0.27   90.74   28899
933.04   1215.44   21842.20   21725.72   0.77   0.80    299.630   0.04   0.44   116.48   19569
1244.33   1662.15   21189.23   21119.58   0.67   0.69    207.850   0.33   0.15   69.65   20138
585.22   588.80   9344.80   9264.99   0.77   0.79    215.150   0.22   -0.20   79.81   9085
1276.61   600.30   9058.75   8980.30   0.89   0.75    357.730   -0.39   0.30   78.45   7901
932.67   750.08   6845.86   6748.13   0.76   0.71    258.370   -0.33   0.08   97.73   6387
1596.62   935.36   6135.32   6070.92   0.80   0.77    332.030   -0.38   0.36   64.40   5398
1168.36   1512.82   5613.31   5546.18   0.72   0.75    61.280   0.36   -0.18   67.13   4837
252.36   920.60   5599.11   5535.09   0.82   0.79    156.590   0.36   -0.40   64.02   4988
1945.88   914.24   5143.02   5092.31   0.98   0.90    30.330   -0.12   0.24   50.70   5264
934.03   369.31   4999.82   4933.94   0.83   0.87    155.240   0.03   0.31   65.88   4832
698.69   1509.53   4954.41   4886.49   0.76   0.82    311.500   -0.31   -0.47   67.92   3871
1407.75   1368.17   4901.69   4836.62   0.85   0.66    152.460   -0.25   0.17   65.06   4621
451.12   1362.44   4560.93   4496.05   0.82   0.73    13.520   0.12   -0.56   64.88   4038
933.37   555.81   4316.83   4238.67   0.72   0.68    312.510   0.37   -0.19   78.16   3871
1563.83   1485.13   4050.06   4002.47   0.76   0.89    18.960   -0.17   0.13   47.59   3868
1175.93   1054.07   4089.52   3992.92   0.68   0.68    249.960   -0.07   0.07   96.60   4090
289.85   1478.77   3665.82   3616.03   0.66   0.78    343.920   -0.15   -0.23   49.79   3505
1126.59   1079.15   3469.90   3370.03   0.76   0.56    238.370   -0.41   0.15   99.88   3154
687.53   1049.51   3330.87   3235.52   0.79   0.75    216.430   -0.47   0.51   95.34   2474
547.97   1308.92   2676.13   2603.55   0.59   0.59    239.060   -0.03   -0.08   72.58   2664
737.41   1075.84   2648.03   2549.49   0.81   0.84    80.770   0.41   -0.16   98.53   2279
935.72   1663.39   2417.08   2364.65   0.86   0.83    174.220   -0.28   0.39   52.43   1992
1185.94   728.12   1991.00   1908.09   0.69   0.79    152.490   -0.06   0.12   82.90   2019
410.07   634.53   1905.30   1845.35   0.68   0.73    154.910   0.07   0.53   59.95   1686
677.65   720.68   1764.60   1682.04   0.70   0.87    90.850   -0.35   -0.32   82.56   1458
1446.25   650.85   1678.28   1617.90   0.76   0.77    348.050   0.25   -0.15   60.38   1574
1313.48   1313.96   1681.14   1608.22   0.76   0.81    2.900   0.48   -0.04   72.93   1491
344.23   1239.47   1451.26   1391.97   0.80   0.69    11.660   0.23   0.47   59.28   1258
1654.15   1307.21   1376.07   1328.98   0.75   0.89    305.500   0.15   0.21   47.09   1347
1509.85   1247.40   1351.05   1291.24   0.76   0.76    302.140   -0.15   0.40   59.80   1261
932.38   962.77   1319.25   1214.14   0.75   0.74    184.600   0.38   -0.23   105.11   1220
534.73   987.24   1293.25   1211.99   0.70   0.66    235.670   -0.27   0.24   81.26   1165
1197.12   440.75   1257.82   1198.63   0.67   0.64    167.000   0.12   -0.25   59.19   1236
932.61   917.78   1266.41   1163.11   0.82   0.87    286.520   -0.39   -0.22   103.30   1095
1139.90   573.30   1158.02   1085.86   0.67   0.86    359.450   -0.10   0.30   72.16   1048
1468.65   361.63   1120.86   1075.17   0.92   0.98    121.340   -0.35   -0.37   45.69   943
1258.22   1018.94   1048.92   960.75   0.72   0.62    63.950   0.22   -0.06   88.17   1045
725.02   566.04   1021.23   949.26   0.78   0.78    138.180   0.02   0.04   71.97   1037
193.04   1297.88   961.71   915.01   0.92   1.00    131.840   0.04   -0.12   46.69   932
1324.80   995.51   995.27   913.55   0.79   0.85    198.650   -0.20   -0.49   81.72   862
1090.90   1393.15   967.13   889.13   0.71   0.76    332.470   -0.10   0.15   78.00   961
388.80   338.25   934.05   888.69   1.02   0.97    317.870   -0.20   0.25   45.36   879
602.91   1012.55   969.64   882.02   0.73   0.66    186.420   -0.09   -0.45   87.62   896
770.71   1094.86   949.59   850.42   0.85   0.65    183.620   -0.29   -0.14   99.17   855
1425.82   966.89   916.99   845.70   0.82   0.78    102.480   -0.18   -0.11   71.29   906
775.77   1390.56   917.38   839.08   0.88   0.72    86.560   -0.23   -0.44   78.30   763
1682.61   925.32   800.46   750.64   0.71   0.79    198.550   0.61   0.32   49.82   669
161.43   908.13   758.57   709.20   0.74   0.79    195.880   0.43   0.13   49.37   707
667.82   430.08   737.75   678.94   0.89   0.89    248.770   -0.18   0.08   58.82   703
934.79   1568.15   725.99   664.70   0.71   0.78    85.440   -0.21   0.15   61.29   692
932.82   671.12   721.32   636.53   0.88   0.84    187.130   -0.18   0.12   84.80   695
1094.10   1097.53   731.74   632.35   0.81   0.86    339.910   0.10   0.53   99.39   651
430.53   956.40   691.46   621.59   0.90   0.87    341.340   0.53   0.40   69.88   544
214.97   493.35   564.94   520.97   0.97   0.81    36.110   -0.03   0.35   43.96   558
1098.22   867.26   616.30   520.78   0.65   0.68    77.120   0.22   0.26   95.52   563
766.01   863.17   615.01   519.85   0.65   0.74    2.730   0.01   0.17   95.16   603
304.02   671.55   546.81   493.67   0.76   0.77    157.390   0.02   -0.45   53.14   519
1337.88   737.01   553.42   482.30   0.84   0.87    176.490   -0.12   0.01   71.11   547
1547.31   690.31   519.03   464.70   0.78   0.86    181.910   0.31   0.31   54.33   489
933.84   443.72   519.39   454.97   0.68   0.73    343.060   -0.16   -0.28   64.43   481
1209.49   161.58   493.61   452.50   0.76   0.75    296.630   -0.51   -0.42   41.11   367
1714.01   607.74   494.26   452.23   0.77   0.78    311.510   0.01   -0.26   42.03   470
522.05   725.54   518.89   448.37   0.82   0.90    142.030   0.05   -0.46   70.51   456
657.94   147.21   452.62   411.28   0.68   0.78    187.990   -0.06   0.21   41.35   440
1351.74   502.87   443.83   387.21   0.68   0.61    70.160   -0.26   -0.13   56.62   430
1633.59   519.80   416.96   374.32   0.87   0.93    324.070   -0.41   -0.20   42.64   355
563.66   1803.55   390.33   357.43   0.91   0.82    22.340   -0.34   0.55   32.90   352
508.83   487.16   375.76   319.85   0.78   0.71    102.760   -0.17   0.16   55.90   366
1304.57   1809.73   314.45   283.30   0.84   0.67    338.390   -0.43   -0.27   31.14   281
1371.59   1875.81   295.54   270.98   0.58   0.45    331.770   -0.41   -0.19   24.56   248
1710.21   1216.57   306.33   261.80   0.64   0.89    99.950   0.21   0.57   44.53   287
132.99   1205.66   280.69   236.43   0.76   0.78    191.430   -0.01   -0.34   44.26   269
1102.99   664.57   298.46   218.60   0.68   0.71    17.290   -0.01   0.57   79.86   273
444.02   1210.75   282.23   215.07   0.72   0.83    97.030   0.02   -0.25   67.16   271
761.83   659.41   286.60   206.33   0.81   0.64    186.080   -0.17   0.41   80.26   265
1156.07   126.08   244.42   204.65   0.71   0.72    202.330   0.07   0.08   39.78   254
129.44   580.54   234.63   192.75   0.92   0.87    26.960   -0.56   0.54   41.87   203
1015.55   86.78   229.47   190.33   0.53   0.52    358.980   -0.45   -0.22   39.14   186
1734.86   921.16   211.63   166.14   0.84   1.00    204.380   -0.14   0.16   45.49   207
1413.52   1217.94   224.24   156.96   0.84   0.83    267.800   0.52   -0.06   67.28   198
935.05   220.93   197.14   149.90   0.82   0.81    169.840   0.05   -0.07   47.24   197
712.78   114.14   182.31   142.22   0.84   0.87    199.340   -0.22   0.14   40.10   186
1073.91   909.93   234.22   135.99   0.75   0.65    3.130   -0.09   -0.07   98.23   235
106.18   902.72   167.46   123.19   0.78   0.85    330.740   0.18   -0.28   44.26   164
932.79   995.77   219.97   115.04   0.77   0.77    190.460   -0.21   -0.23   104.93   215
1366.91   276.85   144.32   101.76   0.87   0.81    16.880   -0.09   -0.15   42.56   145
495.12   256.30   138.35   95.72   0.80   0.82    15.250   0.12   0.30   42.63   135
790.58   906.97   190.26   92.20   0.86   0.83    270.790   -0.42   -0.03   98.06   182
1761.76   663.32   118.84   79.20   0.93   0.91    58.350   -0.24   0.32   39.64   114
1108.28   474.39   123.97   60.37   0.78   0.81    294.030   0.28   0.39   63.60   119
416.83   737.40   119.31   56.98   0.90   0.92    182.810   -0.17   0.40   62.33   112
270.72   1169.38   108.44   54.64   0.64   0.56    88.420   -0.28   0.38   53.80   96
757.81   467.93   117.83   54.12   0.76   1.01    43.590   -0.19   -0.07   63.71   119
1439.62   751.85   117.11   53.46   0.77   0.88    197.680   -0.38   -0.15   63.65   112
1590.95   223.36   80.48   46.00   0.93   0.88    327.510   -0.05   0.36   34.48   78
651.17   1033.19   132.62   42.39   0.79   0.87    157.180   0.17   0.19   90.23   133
# File created at Thu Mar 30 14:51:44 2023 with IOLaueTools.py
# From: /home/micha/lauetoolsgithub/LaueTools/LaueImages/Ge_blanc_0000.mccd
# Comments: nb of peaks 97