peak_X peak_Y peak_Itot peak_Isub peak_fwaxmaj peak_fwaxmin peak_inclination Xdev Ydev peak_bkg Ipixmax Xfiterr Yfiterr
870.91   1551.47   21467.47   20395.61   1.06   0.89    22.502   -0.09   0.47   1071.86   20830   0.0060   0.0050
536.47   1670.31   18982.08   17926.93   1.28   1.05    10.567   0.47   0.31   1055.15   19286   0.0100   0.0100
1021.48   1242.39   18759.56   17602.87   0.97   1.08    159.481   0.48   0.39   1156.69   17261   0.0130   0.0140
1245.63   1367.40   17402.54   16339.32   0.84   0.94    17.188   -0.37   0.40   1063.23   14802   0.0040   0.0040
840.15   1635.56   15786.06   14729.76   0.95   1.05    236.598   0.15   -0.44   1056.30   15506   0.0080   0.0100
1295.07   1405.96   15162.29   14104.59   0.92   0.83    317.290   0.07   -0.04   1057.70   15991   0.0060   0.0050
1674.75   1379.13   11395.41   10358.26   0.96   0.89    259.002   -0.25   0.13   1037.16   12024   0.0090   0.0080
521.56   1184.32   10493.05   9440.83   1.04   0.91    321.428   -0.44   0.32   1052.22   9887   0.0110   0.0100
1075.66   1620.49   10223.21   9176.82   0.94   0.94    171.327   -0.34   0.49   1046.39   8892   0.0060   0.0050
1444.93   770.35   10048.65   8994.18   0.86   1.06    358.145   -0.07   0.35   1054.47   10042   0.0060   0.0070
1631.45   1805.19   9792.73   8766.22   1.11   1.02    282.494   0.45   0.19   1026.52   9895   0.0110   0.0110
1430.54   1535.47   9580.50   8544.87   0.78   0.99    190.252   0.54   0.47   1035.63   8088   0.0070   0.0070
830.36   1189.31   9604.19   8534.85   0.89   0.93    321.835   0.36   0.31   1069.34   8691   0.0040   0.0050
944.75   890.14   9475.92   8384.04   1.00   0.99    354.659   -0.25   0.14   1091.88   9906   0.0080   0.0090
626.33   1553.33   9139.16   8101.49   1.18   0.87    12.285   0.33   0.33   1037.67   8557   0.0060   0.0060
741.55   225.91   8873.22   7839.28   0.69   0.38    305.181   -0.45   -0.09   1033.94   8681   0.0200   0.0110
1608.57   1164.20   8729.28   7680.81   0.97   1.12    201.221   -0.43   0.20   1048.47   8519   0.0100   0.0090
393.54   1904.71   8389.91   7359.96   0.96   1.47    134.803   0.54   -0.29   1029.95   8279   0.0120   0.0120
795.29   1184.17   7527.74   6464.78   0.88   0.93    347.219   0.29   0.17   1062.96   7566   0.0060   0.0060
1167.22   1038.71   6829.88   5756.44   0.96   0.90    320.296   0.22   -0.29   1073.43   6869   0.0080   0.0070
1372.58   1475.61   6738.70   5701.74   0.83   0.85    239.031   -0.42   -0.39   1036.95   6010   0.0060   0.0070
1211.21   1343.17   6659.45   5608.94   0.79   0.89    7.755   0.21   0.17   1050.51   6686   0.0040   0.0040
1481.67   1154.16   6253.87   5209.23   0.84   0.98    197.901   -0.33   0.16   1044.64   6143   0.0060   0.0060
1831.70   1474.10   6151.72   5128.76   0.94   1.05    11.299   -0.30   0.10   1022.96   6496   0.0110   0.0100
1195.95   1005.12   6035.09   4969.23   0.87   0.99    8.304   -0.05   0.12   1065.87   6404   0.0070   0.0080
509.89   916.98   5999.47   4953.79   0.90   0.93    356.871   -0.11   -0.02   1045.68   6224   0.0060   0.0050
892.70   1497.32   5905.19   4857.49   0.93   0.91    255.919   -0.30   0.32   1047.70   5632   0.0050   0.0050
884.96   676.68   5786.05   4724.35   0.90   0.90    213.258   -0.04   -0.32   1061.69   5664   0.0060   0.0060
1548.70   1002.45   5752.84   4710.98   0.86   0.93    17.965   -0.30   0.45   1041.87   4968   0.0050   0.0060
395.50   1205.60   5686.93   4650.96   0.95   1.21    326.530   0.50   -0.40   1035.96   5337   0.0070   0.0070
447.57   1534.87   5557.91   4529.99   1.18   1.09    93.500   0.57   -0.13   1027.92   5363   0.0130   0.0130
160.62   1668.56   5055.32   4035.86   1.28   1.19    88.026   -0.38   0.56   1019.45   5124   0.0200   0.0180
184.19   1265.87   4961.14   3936.87   1.11   1.07    47.443   0.19   -0.13   1024.27   5148   0.0090   0.0090
1342.64   1158.21   4984.25   3934.86   0.78   0.88    200.885   -0.36   0.21   1049.39   4696   0.0050   0.0050
151.84   1872.35   4717.41   3697.49   1.22   1.24    197.647   -0.16   0.35   1019.92   5092   0.0170   0.0160
1320.12   541.73   4624.06   3579.61   1.01   0.87    99.919   0.12   -0.27   1044.45   4628   0.0060   0.0050
1568.75   1327.75   4578.90   3547.98   0.87   0.85    173.512   -0.25   -0.25   1030.91   4586   0.0070   0.0070
1829.80   514.27   4554.02   3529.24   1.06   1.08    269.791   -0.20   0.27   1024.78   4689   0.0110   0.0110
605.61   1177.21   4487.81   3443.37   0.85   1.00    125.894   -0.39   0.21   1044.44   4313   0.0050   0.0050
758.68   933.17   4385.52   3325.77   0.84   0.96    326.930   -0.32   0.17   1059.76   4304   0.0050   0.0050
1068.41   1558.18   4361.63   3323.79   0.90   0.91    180.986   0.41   0.18   1037.84   4132   0.0050   0.0050
485.82   489.30   4303.70   3264.78   1.15   1.06    142.962   -0.18   0.30   1038.91   4289   0.0090   0.0090
531.13   1464.28   4190.17   3159.60   1.03   0.90    195.008   0.13   0.28   1030.58   4120   0.0070   0.0080
628.86   825.13   4192.33   3117.20   1.02   1.11    143.443   -0.14   0.13   1075.13   4302   0.0290   0.0320
1685.84   1897.44   4030.90   3018.79   1.02   0.98    195.765   -0.16   -0.56   1012.11   3873   0.0130   0.0130
1102.17   831.20   3971.06   2911.89   0.93   0.80    293.872   0.17   0.20   1059.18   4037   0.0070   0.0060
396.96   879.51   3870.32   2836.94   0.88   1.05    149.483   -0.04   -0.49   1033.38   3616   0.0050   0.0060
1116.35   772.05   3879.96   2824.26   0.80   0.96    177.882   0.35   0.05   1055.70   3889   0.0060   0.0070
795.97   968.28   3906.69   2816.63   0.84   0.84    323.529   -0.03   0.28   1090.06   3864   0.0380   0.0380
1660.25   983.85   3731.44   2700.20   0.96   0.96    210.279   0.25   -0.15   1031.25   3775   0.0100   0.0090
851.98   570.95   3719.50   2661.70   1.04   0.94    208.721   -0.02   -0.05   1057.80   3909   0.0090   0.0080
547.62   1380.32   3663.87   2619.36   1.44   1.03    172.114   -0.38   0.32   1044.51   3622   0.0320   0.0250
798.00   409.84   3611.26   2561.57   0.94   0.87    210.055   0.00   -0.16   1049.69   3736   0.0060   0.0060
837.11   525.33   3613.31   2559.14   0.91   0.86    97.712   0.11   0.33   1054.17   3500   0.0050   0.0050
1213.30   1957.01   3708.03   2556.82   1.32   1.95    144.246   0.30   0.01   1151.21   4282   0.0910   0.1220
1214.50   1937.30   3574.33   2541.98   1.08   1.09    325.682   -0.50   0.30   1032.36   3563   0.0200   0.0230
1504.71   1380.47   3578.73   2540.74   1.80   0.86    2.586   -0.29   0.47   1037.99   3597   0.0250   0.0150
500.38   734.49   3572.37   2534.23   0.99   0.94    51.804   0.38   -0.51   1038.14   3298   0.0080   0.0070
1831.67   1622.94   3477.37   2460.63   1.19   0.76    103.497   -0.33   -0.06   1016.74   3573   0.0160   0.0160
958.54   944.95   3390.48   2321.18   0.87   0.94    149.218   0.54   -0.05   1069.30   3240   0.0090   0.0090
1524.89   709.45   3195.83   2162.97   0.96   0.82    272.392   -0.11   0.45   1032.86   2969   0.0040   0.0050
1300.54   1162.95   3152.88   2103.85   0.89   0.77    114.135   -0.46   -0.05   1049.03   2989   0.0060   0.0050
444.02   1196.08   3119.67   2087.22   0.82   1.04    286.024   0.02   0.08   1032.44   3259   0.0070   0.0070
1222.16   386.57   3080.71   2038.04   0.99   0.93    111.884   0.16   -0.43   1042.67   2982   0.0080   0.0070
1078.07   183.94   3067.32   2024.14   1.35   1.16    81.163   0.07   -0.06   1043.18   3295   0.0110   0.0120
1363.53   838.30   3060.44   2015.57   0.83   0.97    1.662   -0.47   0.30   1044.87   2824   0.0060   0.0070
601.71   610.82   2975.15   1933.07   0.99   0.89    254.333   -0.29   -0.18   1042.08   2910   0.0050   0.0050
475.37   326.58   2936.39   1905.73   1.00   1.07    342.510   0.37   -0.42   1030.66   2825   0.0060   0.0060
733.36   1439.85   2895.54   1857.21   0.94   0.85    21.756   0.36   -0.15   1038.34   2797   0.0050   0.0040
1399.14   404.75   2708.96   1674.10   1.19   0.97    72.548   0.14   -0.25   1034.86   2740   0.0080   0.0070
398.34   671.09   2661.32   1632.68   1.02   0.88    62.779   0.34   0.09   1028.65   2631   0.0060   0.0050
1717.98   1992.40   2521.63   1511.93   1.32   1.13    317.171   -0.02   0.40   1009.70   2627   0.0190   0.0180
57.85   688.23   2521.39   1506.09   1.01   1.21    168.532   -0.15   0.23   1015.30   2527   0.0060   0.0060
1702.41   1179.00   2489.79   1464.66   0.80   1.06    22.302   -0.59   0.00   1025.13   2405   0.0060   0.0070
1167.83   575.03   2506.53   1457.18   1.01   1.29    176.358   -0.17   0.03   1049.35   2618   0.0090   0.0110
1024.27   1740.96   2463.88   1429.75   1.21   1.25    10.601   0.27   -0.04   1034.13   2591   0.0310   0.0300
907.27   752.14   2448.47   1391.65   0.93   0.84    283.636   0.27   0.14   1056.82   2464   0.0070   0.0070
1243.34   972.10   2442.95   1379.83   1.12   1.30    345.551   0.34   0.10   1063.12   2533   0.0420   0.0450
1238.27   1274.35   2433.00   1379.18   1.39   1.16    357.172   0.27   0.35   1053.82   2502   0.0420   0.0360
1146.68   1063.80   2414.68   1357.35   0.81   0.90    350.238   -0.32   -0.20   1057.33   2362   0.0070   0.0080
585.75   1813.49   2406.11   1328.44   1.88   2.07    170.175   -0.25   0.49   1077.67   2978   0.1430   0.1340
586.69   1793.95   2272.19   1252.71   1.65   0.77    187.307   -0.31   -0.05   1019.48   2233   0.0100   0.0060
1678.82   1136.44   2284.79   1243.75   1.31   1.19    87.445   -0.18   0.44   1041.04   2496   0.0390   0.0670
1299.24   1290.81   2247.46   1202.94   1.24   0.99    26.214   0.24   -0.19   1044.52   2319   0.0200   0.0200
1024.68   1617.72   2237.75   1190.05   0.83   1.59    80.567   -0.32   0.72   1047.69   2362   0.0390   0.0590
588.13   948.06   2232.14   1187.72   0.98   0.82    75.867   0.13   0.06   1044.43   2271   0.0060   0.0060
665.40   1175.75   2227.44   1181.02   1.12   1.16    156.216   0.40   -0.25   1046.42   2323   0.0110   0.0120
977.20   54.68   2205.64   1167.04   1.24   1.22    271.352   0.20   -0.32   1038.60   2271   0.0100   0.0100
1268.06   237.83   2196.70   1163.73   1.00   1.05    350.620   0.06   -0.17   1032.97   2247   0.0070   0.0070
1064.87   384.12   2205.80   1161.84   1.04   1.13    348.038   -0.13   0.12   1043.96   2250   0.0080   0.0090
855.81   1194.00   2181.26   1125.18   0.98   1.02    327.628   -0.19   -0.00   1056.09   2147   0.0070   0.0070
375.84   1137.31   2152.48   1112.05   1.42   1.24    117.304   -0.16   0.31   1040.43   2317   0.0460   0.0720
752.02   1290.69   2145.71   1097.89   0.97   1.20    322.976   0.02   -0.31   1047.83   2270   0.0230   0.0290
812.62   1274.07   2152.52   1094.31   1.41   1.31    250.188   -0.38   0.07   1058.21   2302   0.0380   0.0620
1831.47   853.81   2072.27   1052.89   0.92   1.10    190.331   -0.53   -0.19   1019.38   2076   0.0080   0.0100
728.45   760.03   2092.12   1043.40   0.91   0.96    155.654   -0.55   0.03   1048.72   2020   0.0070   0.0080
467.56   208.95   2067.94   1042.33   1.03   1.04    325.928   -0.44   -0.05   1025.61   2050   0.0060   0.0060
758.40   1909.64   2051.98   1033.83   1.13   1.42    339.031   0.40   0.64   1018.16   2093   0.0300   0.0350
1826.55   33.82   2040.18   1022.27   1.58   1.28    16.761   0.55   -0.18   1017.91   2093   0.0220   0.0220
209.58   948.43   2026.72   1007.17   1.14   1.00    338.926   -0.42   0.43   1019.55   1954   0.0120   0.0120
1025.77   753.99   2070.93   1006.26   1.58   1.06    349.108   -0.23   0.99   1064.67   2166   0.0520   0.0390
1982.94   1078.65   2017.71   1000.55   1.29   0.95    165.202   -0.06   -0.35   1017.16   2035   0.0190   0.0190
1268.70   927.60   2047.85   999.79   0.86   0.97    24.775   -0.30   -0.40   1048.06   1982   0.0070   0.0070
1424.47   810.35   2039.10   990.70   0.99   1.52    210.688   -0.53   0.35   1048.40   2098   0.0550   0.0700
1470.21   1020.82   2015.31   977.18   0.86   0.97    183.825   0.21   -0.18   1038.13   2060   0.0080   0.0080
1051.38   610.07   2002.55   953.39   1.05   0.91    263.140   -0.62   0.07   1049.16   1924   0.0070   0.0080
1268.57   637.45   1978.24   935.39   1.03   0.90    24.682   -0.43   0.45   1042.84   1861   0.0110   0.0100
1665.53   320.31   1953.20   933.23   1.05   1.03    178.527   -0.47   0.31   1019.97   1956   0.0110   0.0130
1664.25   1483.53   1941.48   912.61   0.90   1.51    223.176   0.25   0.53   1028.87   1984   0.0490   0.0690
305.12   126.18   1928.02   909.45   1.21   1.33    207.840   0.12   0.18   1018.57   1965   0.0080   0.0090
389.36   1483.17   1850.42   820.86   1.40   1.33    297.930   0.36   0.17   1029.55   1974   0.0450   0.0670
911.04   1413.88   1859.42   815.09   0.91   1.07    28.054   0.04   -0.12   1044.33   1946   0.0150   0.0160
851.09   1265.91   1856.96   798.12   1.77   1.17    170.177   0.09   0.91   1058.85   1900   0.0670   0.0500
1025.75   176.30   1770.65   728.08   1.68   1.28    356.643   -0.25   0.30   1042.57   1859   0.0530   0.0430
1199.55   1265.88   1762.91   706.14   1.38   1.35    269.895   -0.45   -0.12   1056.77   1904   0.0470   0.0860
1035.79   1813.15   1683.14   624.17   1.93   2.13    183.460   -0.21   0.15   1058.96   1944   0.1340   0.1470
828.96   1755.66   1658.87   609.11   2.10   1.63    175.163   -0.04   0.66   1049.77   1871   0.1230   0.1100
# File created at Tue Oct  8 11:14:41 2024 with IOLaueTools.py
# From: /home/micha/lauetoolsgithub/LaueTools/LaueImages/AH12_CMT_r14_0200.tif
# Output Folder: /home/micha/lauetoolsgithub/LaueTools/Examples/Ge
# Comments: nb of peaks 117