peak_X peak_Y peak_Itot peak_Isub peak_fwaxmaj peak_fwaxmin peak_inclination Xdev Ydev peak_bkg Ipixmax
1027.11   1293.28   70931.27   70931.27   0.00   0.00    0.000   0.00   0.00   0.00   0
1379.17   1553.58   51933.84   51933.84   0.00   0.00    0.000   0.00   0.00   0.00   0
1288.11   1460.16   22795.07   22795.07   0.00   0.00    0.000   0.00   0.00   0.00   0
926.22   872.06   19489.69   19489.69   0.00   0.00    0.000   0.00   0.00   0.00   0
595.46   876.44   19058.79   19058.79   0.00   0.00    0.000   0.00   0.00   0.00   0
1183.27   598.92   17182.88   17182.88   0.00   0.00    0.000   0.00   0.00   0.00   0
626.12   1661.28   15825.39   15825.39   0.00   0.00    0.000   0.00   0.00   0.00   0
856.14   1702.52   15486.20   15486.20   0.00   0.00    0.000   0.00   0.00   0.00   0
1672.67   1258.62   13318.81   13318.81   0.00   0.00    0.000   0.00   0.00   0.00   0
1497.40   1224.70   13145.99   13145.99   0.00   0.00    0.000   0.00   0.00   0.00   0
1176.09   1086.19   11799.93   11799.93   0.00   0.00    0.000   0.00   0.00   0.00   0
780.27   1242.53   11662.16   11662.16   0.00   0.00    0.000   0.00   0.00   0.00   0
828.68   1246.06   10727.93   10727.93   0.00   0.00    0.000   0.00   0.00   0.00   0
819.91   552.84   10271.90   10271.90   0.00   0.00    0.000   0.00   0.00   0.00   0
873.56   706.97   10010.52   10010.52   0.00   0.00    0.000   0.00   0.00   0.00   0
1085.80   1725.83   9107.77   9107.77   0.00   0.00    0.000   0.00   0.00   0.00   0
1579.39   754.63   8515.14   8515.14   0.00   0.00    0.000   0.00   0.00   0.00   0
1216.49   1042.28   8262.02   8262.02   0.00   0.00    0.000   0.00   0.00   0.00   0
1481.20   364.84   6598.44   6598.44   0.00   0.00    0.000   0.00   0.00   0.00   0
399.87   1297.19   6505.45   6505.45   0.00   0.00    0.000   0.00   0.00   0.00   0
548.25   1260.32   6137.87   6137.87   0.00   0.00    0.000   0.00   0.00   0.00   0
1396.71   1217.56   5781.18   5781.18   0.00   0.00    0.000   0.00   0.00   0.00   0
1573.49   1073.13   5481.59   5481.59   0.00   0.00    0.000   0.00   0.00   0.00   0
1199.06   1387.53   5182.44   5182.44   0.00   0.00    0.000   0.00   0.00   0.00   0
1352.76   568.03   5055.99   5055.99   0.00   0.00    0.000   0.00   0.00   0.00   0
467.05   984.60   4950.23   4950.23   0.00   0.00    0.000   0.00   0.00   0.00   0
638.87   1246.59   4761.41   4761.41   0.00   0.00    0.000   0.00   0.00   0.00   0
967.15   1019.90   4673.94   4673.94   0.00   0.00    0.000   0.00   0.00   0.00   0
977.50   1060.31   4649.48   4649.48   0.00   0.00    0.000   0.00   0.00   0.00   0
702.52   949.88   4413.68   4413.68   0.00   0.00    0.000   0.00   0.00   0.00   0
383.77   754.58   4400.61   4400.61   0.00   0.00    0.000   0.00   0.00   0.00   0
1283.34   976.69   4305.20   4305.20   0.00   0.00    0.000   0.00   0.00   0.00   0
707.20   261.11   4170.57   4170.57   0.00   0.00    0.000   0.00   0.00   0.00   0
1140.93   748.40   4160.12   4160.12   0.00   0.00    0.000   0.00   0.00   0.00   0
701.05   1560.17   4044.72   4044.72   0.00   0.00    0.000   0.00   0.00   0.00   0
1730.33   1063.32   3856.17   3856.17   0.00   0.00    0.000   0.00   0.00   0.00   0
905.64   804.81   3693.43   3693.43   0.00   0.00    0.000   0.00   0.00   0.00   0
1055.14   634.64   3277.59   3277.59   0.00   0.00    0.000   0.00   0.00   0.00   0
703.42   801.02   3232.59   3232.59   0.00   0.00    0.000   0.00   0.00   0.00   0
289.69   945.97   3125.11   3125.11   0.00   0.00    0.000   0.00   0.00   0.00   0
1151.05   1115.85   3088.73   3088.73   0.00   0.00    0.000   0.00   0.00   0.00   0
1339.11   926.87   2830.16   2830.16   0.00   0.00    0.000   0.00   0.00   0.00   0
1458.76   556.69   2775.35   2775.35   0.00   0.00    0.000   0.00   0.00   0.00   0
861.48   1250.42   2670.74   2670.74   0.00   0.00    0.000   0.00   0.00   0.00   0
327.89   1321.03   2634.42   2634.42   0.00   0.00    0.000   0.00   0.00   0.00   0
621.54   713.50   2612.62   2612.62   0.00   0.00    0.000   0.00   0.00   0.00   0
1274.86   306.95   2377.76   2377.76   0.00   0.00    0.000   0.00   0.00   0.00   0
1280.51   691.44   2278.07   2278.07   0.00   0.00    0.000   0.00   0.00   0.00   0
1063.25   497.79   2195.88   2195.88   0.00   0.00    0.000   0.00   0.00   0.00   0
1520.65   1382.65   2124.74   2124.74   0.00   0.00    0.000   0.00   0.00   0.00   0
1765.96   958.47   2077.07   2077.07   0.00   0.00    0.000   0.00   0.00   0.00   0
1660.86   706.31   2052.31   2052.31   0.00   0.00    0.000   0.00   0.00   0.00   0
1101.37   907.29   1952.15   1952.15   0.00   0.00    0.000   0.00   0.00   0.00   0
1075.86   1633.06   1878.93   1878.93   0.00   0.00    0.000   0.00   0.00   0.00   0
1473.72   1088.40   1877.76   1877.76   0.00   0.00    0.000   0.00   0.00   0.00   0
1819.62   1305.46   1746.38   1746.38   0.00   0.00    0.000   0.00   0.00   0.00   0
1626.90   982.64   1676.95   1676.95   0.00   0.00    0.000   0.00   0.00   0.00   0
576.20   1016.97   1646.40   1646.40   0.00   0.00    0.000   0.00   0.00   0.00   0
701.50   1242.55   1591.71   1591.71   0.00   0.00    0.000   0.00   0.00   0.00   0
1426.67   858.78   1576.40   1576.40   0.00   0.00    0.000   0.00   0.00   0.00   0
911.32   1538.14   1466.19   1466.19   0.00   0.00    0.000   0.00   0.00   0.00   0
841.45   613.02   1399.40   1399.40   0.00   0.00    0.000   0.00   0.00   0.00   0
1219.19   482.30   1361.22   1361.22   0.00   0.00    0.000   0.00   0.00   0.00   0
1588.65   403.05   1343.44   1343.44   0.00   0.00    0.000   0.00   0.00   0.00   0
521.92   1574.92   1331.83   1331.83   0.00   0.00    0.000   0.00   0.00   0.00   0
810.65   1039.11   1277.20   1277.20   0.00   0.00    0.000   0.00   0.00   0.00   0
982.11   264.38   1253.58   1253.58   0.00   0.00    0.000   0.00   0.00   0.00   0
537.37   496.91   1183.42   1183.42   0.00   0.00    0.000   0.00   0.00   0.00   0
393.71   1057.16   1105.27   1105.27   0.00   0.00    0.000   0.00   0.00   0.00   0
245.42   1050.38   1055.91   1055.91   0.00   0.00    0.000   0.00   0.00   0.00   0
1050.01   728.62   1019.63   1019.63   0.00   0.00    0.000   0.00   0.00   0.00   0
296.95   544.57   943.57   943.57   0.00   0.00    0.000   0.00   0.00   0.00   0
510.17   824.17   887.26   887.26   0.00   0.00    0.000   0.00   0.00   0.00   0
1285.92   1221.22   860.61   860.61   0.00   0.00    0.000   0.00   0.00   0.00   0
1090.08   954.93   797.37   797.37   0.00   0.00    0.000   0.00   0.00   0.00   0
1711.33   678.47   772.05   772.05   0.00   0.00    0.000   0.00   0.00   0.00   0
1377.04   659.84   708.97   708.97   0.00   0.00    0.000   0.00   0.00   0.00   0
775.11   434.93   706.88   706.88   0.00   0.00    0.000   0.00   0.00   0.00   0
757.84   863.72   703.03   703.03   0.00   0.00    0.000   0.00   0.00   0.00   0
983.89   1090.23   655.21   655.21   0.00   0.00    0.000   0.00   0.00   0.00   0
925.43   261.10   646.94   646.94   0.00   0.00    0.000   0.00   0.00   0.00   0
1244.11   1013.22   550.97   550.97   0.00   0.00    0.000   0.00   0.00   0.00   0
1530.97   552.13   492.94   492.94   0.00   0.00    0.000   0.00   0.00   0.00   0
# File created at Mon Jan 15 18:14:40 2024 with IOLaueTools.py
# From: /home/micha/lauetoolsgithub/LaueTools/Examples/Ge/dat_Ge0001.cor
# Comments: nb of peaks 83