peak_X peak_Y peak_Itot peak_Isub peak_fwaxmaj peak_fwaxmin peak_inclination Xdev Ydev peak_bkg Ipixmax
1027.11   1293.28   71202.61   70931.27   1.05   1.00    201.470   0.40   0.09   271.35   500
1379.17   1553.58   52153.67   51933.84   0.82   0.85    195.680   0.58   0.34   219.83   500
1288.11   1460.16   23001.73   22795.07   0.56   0.74    134.120   -0.02   0.63   206.66   500
926.22   872.06   19769.03   19489.69   0.65   0.69    182.310   0.72   0.06   279.33   500
595.46   876.44   19273.78   19058.79   0.74   0.87    189.560   0.31   0.74   214.98   500
1183.27   598.92   17395.82   17182.88   0.83   0.76    186.030   0.12   0.62   212.93   500
626.12   1661.28   15950.14   15825.39   0.74   0.84    200.000   0.62   0.28   124.75   500
856.14   1702.52   15617.81   15486.20   0.83   0.82    214.140   0.03   0.24   131.61   500
1672.67   1258.62   13473.39   13318.81   0.93   0.89    87.130   0.83   0.78   154.58   500
1497.40   1224.70   13344.06   13145.99   0.83   0.91    137.930   0.82   0.82   198.07   500
1176.09   1086.19   12089.05   11799.93   0.70   0.68    61.300   0.09   0.69   289.11   500
780.27   1242.53   11906.13   11662.16   0.63   0.63    185.060   0.09   0.71   243.96   500
828.68   1246.06   10981.48   10727.93   0.79   0.78    157.070   0.39   0.56   253.55   500
819.91   552.84   10454.36   10271.90   0.83   0.80    290.680   0.41   -0.16   182.46   500
873.56   706.97   10234.19   10010.52   0.86   0.87    226.370   0.28   0.47   223.67   500
1085.80   1725.83   9230.49   9107.77   0.79   0.79    218.720   0.30   -0.17   122.72   500
1579.39   754.63   8678.34   8515.14   0.84   0.89    137.370   0.18   0.35   163.19   500
1216.49   1042.28   8540.31   8262.02   0.72   0.62    209.060   0.61   0.15   278.30   500
1481.20   364.84   6719.40   6598.44   0.79   0.86    51.790   0.04   0.38   120.96   500
399.87   1297.19   6641.38   6505.45   0.84   0.80    16.530   0.37   0.69   135.93   500
548.25   1260.32   6314.90   6137.87   0.77   0.88    186.160   0.63   0.71   177.03   500
1396.71   1217.56   6000.74   5781.18   0.74   0.78    238.140   0.58   0.68   219.56   500
1573.49   1073.13   5660.16   5481.59   0.84   0.66    44.490   0.69   0.13   178.57   500
1199.06   1387.53   5405.09   5182.44   0.64   0.69    201.160   0.06   0.24   222.65   500
1352.76   568.03   5222.27   5055.99   0.62   0.78    113.480   0.87   0.36   166.29   500
467.05   984.60   5115.57   4950.23   0.79   0.71    189.480   0.05   0.40   165.34   500
638.87   1246.59   4961.57   4761.41   0.67   0.62    249.290   -0.13   0.31   200.16   500
967.15   1019.90   4962.91   4673.94   0.76   0.77    344.490   0.65   -0.10   288.97   500
977.50   1060.31   4943.19   4649.48   0.70   0.77    339.850   0.78   0.31   293.71   500
702.52   949.88   4641.42   4413.68   0.70   0.85    331.090   0.23   -0.12   227.75   500
383.77   754.58   4533.27   4400.61   0.97   0.88    307.470   -0.23   0.38   132.66   500
1283.34   976.69   4562.30   4305.20   0.69   0.70    11.130   0.22   0.82   257.11   500
707.20   261.11   4278.73   4170.57   0.76   0.84    188.930   0.20   0.11   108.16   500
1140.93   748.40   4394.00   4160.12   0.83   0.80    342.240   -0.07   0.40   233.89   500
701.05   1560.17   4188.62   4044.72   0.85   0.87    145.340   0.05   0.17   143.90   500
1730.33   1063.32   3991.36   3856.17   0.72   0.77    248.990   0.62   0.32   135.19   500
905.64   804.81   3937.15   3693.43   0.62   0.63    157.560   0.81   0.97   243.71   500
1055.14   634.64   3484.44   3277.59   0.81   0.77    10.770   0.14   0.35   206.85   500
703.42   801.02   3439.70   3232.59   0.75   0.74    170.490   0.14   0.02   207.12   500
289.69   945.97   3245.41   3125.11   0.87   0.84    242.730   -0.31   -0.03   120.30   500
1151.05   1115.85   3372.94   3088.73   0.89   0.68    6.540   0.55   -0.15   284.22   500
1339.11   926.87   3065.58   2830.16   0.91   0.87    338.130   0.11   0.59   235.41   500
1458.76   556.69   2921.40   2775.35   0.71   0.63    187.820   0.96   0.29   146.05   500
861.48   1250.42   2923.06   2670.74   0.78   0.69    354.000   0.68   0.82   252.32   500
327.89   1321.03   2749.47   2634.42   0.71   0.79    166.790   0.39   0.03   115.06   500
621.54   713.50   2783.65   2612.62   0.63   0.84    4.220   0.34   0.90   171.03   500
1274.86   306.95   2495.86   2377.76   0.79   0.98    326.560   0.36   -0.05   118.09   500
1280.51   691.44   2481.77   2278.07   0.56   0.83    311.620   0.91   0.24   203.70   500
1063.25   497.79   2362.91   2195.88   0.85   0.84    56.410   0.25   0.50   167.04   500
1520.65   1382.65   2279.98   2124.74   0.70   0.73    28.000   0.85   0.25   155.24   500
1765.96   958.47   2214.11   2077.07   0.65   0.67    157.710   -0.04   0.72   137.04   500
1660.86   706.31   2183.81   2052.31   0.75   0.82    208.100   0.46   0.51   131.51   500
1101.37   907.29   2225.10   1952.15   0.76   0.71    181.150   0.77   0.09   272.95   500
1075.86   1633.06   2023.04   1878.93   0.69   0.73    15.920   0.36   0.56   144.12   500
1473.72   1088.40   2082.51   1877.76   0.82   0.69    178.740   0.32   0.20   204.75   500
1819.62   1305.46   1849.37   1746.38   0.77   0.88    113.670   0.22   0.66   102.99   500
1626.90   982.64   1835.98   1676.95   0.71   0.71    338.960   0.40   0.14   159.03   500
576.20   1016.97   1838.25   1646.40   0.78   0.84    17.160   0.70   -0.03   191.85   500
701.50   1242.55   1806.74   1591.71   0.82   0.78    2.030   0.10   0.75   215.03   500
1426.67   858.78   1779.77   1576.40   0.83   0.92    345.270   0.84   0.94   203.38   500
911.32   1538.14   1638.60   1466.19   0.79   0.77    256.120   0.82   0.64   172.41   500
841.45   613.02   1585.81   1399.40   0.75   0.78    180.310   0.20   0.02   186.41   500
1219.19   482.30   1516.65   1361.22   0.75   0.74    74.680   0.69   0.80   155.43   500
1588.65   403.05   1446.63   1343.44   0.78   0.87    347.850   0.90   0.05   103.19   500
521.92   1574.92   1442.75   1331.83   0.76   0.77    341.010   0.42   0.42   110.93   500
810.65   1039.11   1536.94   1277.20   0.77   0.91    70.510   0.90   0.11   259.74   500
982.11   264.38   1366.16   1253.58   0.84   0.84    281.470   0.61   0.88   112.58   500
537.37   496.91   1303.96   1183.42   0.79   0.90    259.050   0.12   -0.09   120.54   500
393.71   1057.16   1246.54   1105.27   0.86   0.64    285.180   0.21   0.16   141.27   500
245.42   1050.38   1165.20   1055.91   0.87   0.85    10.090   0.09   0.72   109.29   500
1050.01   728.62   1249.13   1019.63   0.62   0.90    271.630   0.01   0.12   229.50   500
296.95   544.57   1037.75   943.57   0.83   0.97    150.910   -0.05   0.82   94.18   500
510.17   824.17   1047.40   887.26   0.73   0.76    317.700   0.17   0.67   160.14   500
1285.92   1221.22   1103.44   860.61   0.58   0.67    87.470   -0.08   0.22   242.82   500
1090.08   954.93   1077.37   797.37   0.82   0.81    76.780   0.58   -0.07   280.01   500
1711.33   678.47   888.68   772.05   0.92   0.94    156.430   0.67   0.80   116.63   500
1377.04   659.84   885.79   708.97   0.75   0.71    192.030   0.04   -0.16   176.81   500
775.11   434.93   843.05   706.88   0.85   0.60    354.940   0.11   0.43   136.17   500
757.84   863.72   929.91   703.03   0.69   0.82    356.500   0.34   -0.28   226.88   500
983.89   1090.23   945.47   655.21   0.74   0.61    177.720   -0.11   0.23   290.27   500
925.43   261.10   758.36   646.94   0.81   0.91    208.360   0.43   0.60   111.42   500
1244.11   1013.22   815.42   550.97   0.55   0.89    79.260   0.11   0.22   264.45   500
1530.97   552.13   623.40   492.94   0.86   0.65    4.260   -0.03   0.13   130.47   500
# File created at Tue Jul  2 15:14:24 2013 with readmccd.py
# Comments: nb of peaks 83
# Peak Search and Fit parameters
# fitfunctiontype : 1
# position_definition : 1
# local_maxima_search_method : 0
# fitfunc : Gaussian
# IntensityThreshold : 500
# boxsize : 15
# PixelNearRadius : 10
# xtol : 0.001
# FitPixelDev : 2.0
# user comments: 